28462596809170545189064132121198688901480514017027992307941799942744113400037644437729907867577847758158840621
42317528830042339940153518739052421161382716174819824199827592418289259787898124253120594659962598670656016157
20360323979263287367170557419759620994797203461536981198970926112775004841988454104755446424421365733030767036
28825803548967461117097369578603670191071512730587281041158640561281165385325968425825995584688146430425589836
64931705925171720427659740744613340005419405246230343686915405940406622782824837151203832217864462718382292389
96389928272218797024593876938030946273322925705554596900278752822425443480211275590191694254290289169072190970
83690539873747452483372899521802363282741217040268086769210451555840567172555372015852132829034279989818449313
61064038148930449962159999935967089298019033699848440466541923625842494716317896119204123310826865107135451684
55409360330096072103469443779823494307806260694223026818852275920570292308431261884976065607425862794488271559
56831533440534425446648416894580425709461673613187605234982286326452921529423479870603344290737158688499178932
58069148316885425195600617237263632397442078692464295601230628872012265295296409150830133663098273380635397290
15065818225742954758943997651138655412081257886837042392087644847615690012648892715907063064096616280387840444
85191643790807186112370622133415415065991843875961023926713276546986163657706626438638029848051952769536195259
24093090861447190739076858575593478698172073437209310482547562856777769408156407496227525499338411280928963751
69902198704924056175317863469397980246197370790418683299310165541507423083931768783669236948490259996077296842
93977427536263119825416681531891763234839190821000147178932184227805135181734921901146246875769835373441456013
12261522139117875968836736408720793700299203827919803870237207803914031236899760815284030605111670948472222487
03891999934420713958369830639622320791156240442508089199143198371204455983440475567594892121014981524545435942
85414390843564419984224855478532163624030098442855331829253154206551237079705816393460296247697010388742206441
53662673371542870078912274934068433644288984710084064160009362393526124803797529334392876439831639031277645072
24792678517008266695983895261507590073492151975926591927088732025940663821188019888547482660483422564577057439
73122259700671936061763513579529821794290797705327283267501488024443528681645026165662837546519006171873442260
43891929850607151539003110668472736013581670643786175675743918437647965813610059963868955233464878174614324357
32248643267984819814584327030358955084205347884933645824825920332880890257823882332657702052489709370472102142
48413342465268206806732314214483854074182139621846870108359582946965235632764870475718351616879235068366271743
71191572336114307012112076760869785155972184648598591864364171685089962551682091079357023111851817477501080462
25855213147648974906607528770828976675149510096823296897320006223928880566580361403112854659290840780339749006
64953205873164948093883816198658850827382468034897864757116679890423568018303504133875731972630897909435710687
79730163391808786847494363353389337358690640584841782806519627582643442925805842221294764940294862267076183298
82290040723904037331682074174132516566884430793394470192089056207883875853425128209573593070181977083401638176
38278562539516825426644614941044711579533262372815468794080423718587423026200264221822694188626212107297776657
40101837618228013685758644218586301153984371229910701009406192941322320277319395946700671369537709789777811828
82424429208648161341795620174718316096876610431404979581982364458073682094040222111815300514333870766070631496
16107771117448059552764348333385744040212757031851527298377435921878558552795591028664457917362007221858143309
97729477892372071794285775627130092398239792195758119726474264287826668235391568785727162014619224426626670840
07656656258071094743987401107728116699188062687266265655833456650078903090506560746330780271585308176912237728
13510584527326591626219647620571434880215630815259005343721141000303039242866457207328473481712034168186328968
86504828736793339844397123673508452734019630942769765268417017499075694798275782583522999431563332210743913155
01244590053247026803129123922979790304175878233986223735350546426469135025039510092392865851086820880706627347
33200354995720397086488066040929854607006339409885836349865466136727880748764700702458790118046518296111277090
60901615202211146154315831766995706097461808535939040006789287854882785093863735370390404941268461899127287156
26550012708330399502578799317054318827526592258149489507466399760073169273108317358830566126147829976631880700
63044632429112260691931278881566221591523270457695867512821990938942686601963904489718918597472925310322480210
54384104432582847283058429780416240510811032691400190056878439634150269652104892027214023216023489858882737142
86953396817551062874709074737181880142234872484985581984390946517083643689943061896502432883532796671901845276
20551085707626204244509623323204744707831190434499351442625501701771017379551124746159471731862701565571266295
85512507771173833820841970589336732372445328045653717851496030880258028406784780941464183865922665280686797884
32506605379430462502871051049293472674712674998926346273581671469350604951103407554046581703934810467584856259
67767959768299409334026387269378365320912287718077451152622642548771835461108886360843272806227776643097283879
05672861803604863346489337143941525025945965250152095953615797713559579496572977565090269442808847976127666484
70036196489060437619346942704440702153179435838310514049154626087284866787505416741467316489993563813128669314
27616863537305634586626957894568275065810235950814888778955073939365341937365700848318504475682215444067599203
13807707353997803633926733454954929666875992253089389808643060653296179316402961249267308063803187391259615113
18903593512664808185683667702865377423907465823909109555171797705807977892897524902307378017531426803639142447
20257728891784950078117889336629750436804214668197824272980697579391742229456683185815676816288797870624531246
65172762275829549342148365886891929958740209569600024356030528982986638689207699283403054971026651432230612523
19151318438769038237062053992069339437168804664297114767435644863750268476981488531053540633288450620121733026
30676481322931561043551941761050712449024873277273112091945865137493190965162497691657553812198566432207978666
30039893866023860735785811439471587280089337416503379296583261843607313332752602360511552422722844725146386326
93697637625101967143801256912277844284269994408291522159046944372824986580852051865762929927755088331286726384
18713277780874446643875352644733562441139447628780974650683952982108174967958836452273344694873793471790710064
97823646601668057203429792920744682232284866583952221144685957285840386337727803022759153049786587391951365024
62741958990883743873315942873720297706202071202130385721759332111624133304227737424163535535879770653096476858
86077301432778290328894795818404378858567772932094476778669357537460048142376741194182671636870481056911156215
61435751629052735122435008060465366891745819654948260861226075029306276147881326895528073614902252581968281505
10333181321296596649581590304212387756459909732967280666838491662579497479229053618455637410347914307715611686
50484292490281102992529678735298767829269040788778480262479222750735948405817439086251877946890045942060168605
14277224448627246991114620014988066272353883780938062854438476305323507013202802948839200813213544645005613498
70178342711061581772898192906564986880810455622337030672542512772773302834984335957725759562247037077933871465
93033088629699440318332665797514676502717346298883777397848218700718026741265997158728035440478432478674907127
92167289852358848694354669225510133760637791516459725425711696847733995115899834908188828126398440050554621006
69887926145582145653196969098272539345157604086134762587781658672944107753588241623157790825380547469335405824
69717674324523451498483027170396543887737637358191736582454273347490424262946011299881916563713847111849156915
05476814041174980145426571239420442544102807580600138819865061375928853903892264432294799028648284009959867596
35809991126953676015271730868527565721475835071222982965295649178350717508357413622825450556202709694174767992
59229774888627411314587676147531456895328093117052696486410187407673296986649236437382565475022816471926815559
88319662984830777666684062231431588438491051905828181674076446303330011971029303645586659465186907447525083784
19876229904159117936827997606541860887216266548864923443910309232569106337759697390517811227646684867917360494
04393703339351900609387268397299246478483727274770977466693599784857120156789000241947269220974984127323147401
54998092038145982141648117635714780155423159966783853485448640693641055691353133523118405358134894093819182189
86948253839609899428220275993396352062177053435720733962505742167694651016084956014393032443042715760995273086
84609204422226103154229984444802110098161333824827375218998738205315164927134498105950159974800571591912202154
48774875010347324619063394130303089239941198500622590218416440998817321432442210855424862089625026060439818018
90263177811466174549997714406652328638463638470016556181538610981881111817341913055050248603458567555856375117
29774299329074944236579668332700918367338977347901759248885660379952771540569083017311723894140326159612292912
22519109594874380567338127853861649184278693841755689804710085986837203361517515809702256627520016095619222992
54017598785220385459137717839763898111984858032910487516669211951045148966777615982494687274206634375932078526
18922687285527671324883267794152912839165407968344190239094803676688707838011367042753971396201424784935196735
30144440403782352667443755674088302522574527380620998045123318810272901204299798900542312621796813523775804116
25114591759932791341765072928267622368972919605282896752235214252342172478418693173974604118776346046256371353
09801590617736758715336803958559054827361876112151384673432884325090045645358186681905108731791346215730339540
58098717201384437709927953279767553109938136584040355679573189414197651143632552627063974314652634812003272009
67556677019262425850577706178937982310969867884485466595273270616703089182772064325519193936735913460377570831
93180845929565158875244597601729455720505595085929175506510115665075521635142318153548176884196032085050871496
27049401768418398058259403818259398646126027595424743337622625628715391606902509898507079866062173220016359393
86114753945614066356757185266170314714535167530074992138652077685238248846006237358966080549516524064805472958
69918694358811197833680141488078321213457152360124065922208508912956907835370576734671667863780908811283450395
78481221210111725071838335908388618757466120131729821713107294473765626517231069488442549836951414738389247774
23209402078312008072353262880539062660181860504249387886778724955032554242842265962710506926460717674675023378
05671893450110737377034119346113374033865364675136733661394731550211457104671161445253324850197901083431641989
99841404504490113016375952067571556750948524358026910407763721099867162425479538531285288993095657072921867352
32166660978749896353626105298214725694827999962208257758409884584842503911894476087296851849839763679182422665
71167166580157914500811657192200233759765317495922397884982814705506190689275625210462185661305800255607974609
72671503332703231002527464042875555654688376583880254322740350743168427862063769705479172648437817444636152057
09332285872843156907562555693055588188226035900067393399525043798874709350792761811162763097712579839759965266
12120317495882059435754883862282508401408885720583992400971219212548074097752974278775912566026443482713647231
84912518086627870862611669998963481240580368479458736482012465366322888901163657227088775773615200345010226889
01891016735720586614100117236647626578353963642978190116470561702796319223322942287393092333307482589376261989
97596530084135383241125899639629445129082802023225498936627506499530838925632246794695960669046906686292645006
21974012178289987297970485902177506009289332895727239201958999447194514736085077040072571743931814846190940626
95452850305263410005650222261523093648828871220464542677005771489943351471625042523651737102660686472534581201
86683273953682547456536553597546685788700056988360286686450740256993087483441094086086303707908295240576731684
94185581048247530475892339280157130282410623499994593239052140985655956566134600339615051516475885274221473251
79995489779928495227460298556667008118712008561550164574004841702103030389963392533374665568178244107374093369
19294104632307731994759826307383499600770372410446285414648704116273895649834555162165685114551383822047005483
99667170624646756610129138204890912111722938624425315891306698746204558724480605282937814830262216454228042175
77607623654598282230708155034694049383177550533050946989994761194192312807218072169643784333136067606769651871
38394338772485493689061845700572043696666465080734495814495966306246698679832872586300064215220210171813917325
27517367226262145494546850600633469271383831171584975309264325248696022005909980266376538622546326516841496330
63695480865511012567577178906166947583440434862184853695916021720304561834975241620399264413316518847686068306
42004858557924473340290142588876403712518642229016333691585063273727199596362912783344786218887871009533753551
05468898023637826371492691328956433944089947012145213457211771565759145173489519501680062135392717541984387616
35434798069208866662270995123717062419249142825764531257699397353416730468645851819796682320156937926849269999
83992413571941496882273704022820805171808003400480615261792013978945186295290558440703738300533552421153903385
18582936677919061011630623367314441920289385720185556959633083361545029042482230929708712478800201738307206048
26801566753975937899317935157999589295621563073384162945999002767308328277165950642179665231904392505432267537
31811755315476780739470338931185107297724318378972674957455778183345495942317353558291046967315391275975687281
86169116108315633723263996888149054394326119718227499679117662855340186019831580962998179110720880499229201606
20590672712735994618716349457749958053379471871054564525793960242102591364155283983952017730127125148920510617
08228008339985665786646920737114269682301770416324829479409558694699089379165191006305185352102345189798127619
14306186436270308197712499275105673290948120205774710068770337970893422920718390374416750349381883634222928494
67906602856742932516425690443634730876567970565956772852910812427331544065801998027115791262541727974528625748
65921933293805915239524735518887119860391319654287576290190503964083560246277534314409155642181729459941596061
97962263324271586342597794734868207480202153873472970799975333298778553105382016216979188038075300633435076614
77371359393626519052222425281410847470452956886477579135021609220403484491499507787431071896557254926512826934
89515795075486172341394610365176616750329948642244039659511882264981315925080185126386635308622223491094629059
31782940819564048470245653830543205650692442267186325530764076187208678039171135636350126952509129102049604282
32326289965027589510528443681774157309418748944280654275614309758281276981249369933130289466705604140843089422
31140912722238148470364341019630413630736771060038159590829746410114421358321042574358350220737173219745089035
57318735044582723877072827140616299791962935722410447715505165253586754410939507921836901526113844038268005415
09243465117114364778994445539936536677275895657139875055429908245856095100369346631006737147080299276569334355
00927189854050109917474979991554392031908961967615444686048175400695689471463928245383807010444181045506171305
16058435581752103233846582920107103006112428340745860700606019483055136486702102036470847080742270437189370696
56887956179287130452245168420274020219664156052803350612935587390793935244040925842483806071774446099640352218
91022961909032569042381374492494906892314330884224399631396391545854065286326468807581148748371408284176455226
38631352026489401626249480238856823159910295262033712644927990193821113451844638754451639123937797419057664991
17642376377222828023184657380501212778096803156914772649102575035087587922481102235445244108724485657007551871
32146592093548504552829170749596775404450779494836371756062326925757412813110241910373338080434325310884694831
55572940226539497291381758133861945705779956180875595141364490761310961715592837658584003648937407682225752393
59887310816896676882874038371928276904315141069976783038190856907130919313408460195111474827663507246765349220
40058626677632935516631939622498979912708004465982264899125226813124300528104995058595676527123591494442612554
43761864502920288135858287178957722411638081516183160312972879698748013982862164562919615309635833731361972477
33323530254665711969026112373806290302429042757945490300226608474465131617416919168517464649454596960053308852
52792083472495235473110674109099223541055506299687642153951249355986311346661725116890785633328935569150449485
18911348830187636510063850256591643302192856559626391438289506832483872716561656011153151705522295576594497245
47888155323164174532671679788611411653555975883319796380709629988807673036169403177364481404278677842512324499
74693421348217179595190698204602997172001174857303889719205597414742453011135869766256607770970225633261701108
46378479555525850457805887944075606497412797453091841840520755852646220882148364675465223760921078753919045468
48523497599860449433228280731206799224024775075141058907746273343190912554513522253292759138420473846030561631
54236552935312278389759446515787337343463172280001031380425481404022090580405056003860937403435068863081434683
84890070893856505002756905967806940469843518453513414103161513368304371478664292538971716597862901072840075893
97003883177426481637251132773699268277094653425835961118819550924620621539781211972447626237715344520480698190
82524943963962251113831177428978535825590832490480497516047104257569753442551515779815600370847230603484753977
51368839040431601748624887133931181852302942542567620248568839397083674878845378917257414515591791903539853507
72009005949793529394596312134455033682606900598287177235333752219419155473037420623432628929683970150588921911
12049249864792053410872349115430987182160055762209075732304626106597744947658346313025598636315029959672352476
94397546253020678819330437228480020930535415564066483856937814460313869756345920023346260699595551348475414789
11808303298164215874529229526789379256477520290526753493566737442931826733745716424654077482679010467787590854
08130531447176455869894169668940436489952465247443988349583871206296485413357553813419500498743813369062703973
87458660429687159582071576659982660731700562446554176302450134915956728894261974614449690867165585978272922870
27237748350973629010191304178127357730377818040815891360052073158069410343050031843493423602692447330600138611
19781774472669608928321052543116496033420102032603863672532889648333405862204843616575362001468405476649666473
56697957295339480913826370332422093083936695498068824049162206314791149464204250002245041342555856193744290525
72524363200544874415243073052150704910204340765724768650957511741254137295316445217655772353486018215668333525
20532830000108344008762266843817023235605645158256954177359197813649975559601912567744942717986360045847405209
29008939731527602430495165386443138814787697754147875743261015987970975885562580676619797309847246076948482112
79484279765366070550516391044150225544203297212920330093533566872945959123279658863764868941884336405484940095
74965791657687213927330153555097865114767947399690623184878377515462613823651665956337209345708208301840482797
00572807143292572757743622958704736164160973181724159420427036606640408974024552153072522738863724185964645522
36732604111645984640200102169208233151553888210715271912678765317950719082045251004478212913185440548144941518
67114207103693891129125012750853466337717749376016543454696390042711129829255096830420665725364279472200020835
31388370878164995718971762933879485427127688265200376632592456161486874489747151936621927566585246211445740701
06753804275641844408348052038382650526016985840600847884224218878569278977518104428054744272294551674203356864
60609977973124950433321425205053675790499520783597650415379001132579536040655172654879022173595444151139429231
64895066317781303905746208244917192131186412963370466140645690017894235673877552313095278591277453324185544248
44844936642107313488191806401892223173021566458134731864499979057816620914698707180393888857812807402263636022
94114354869871402143572055947730892808653678920201935102605361567924483276749476117858316071865710310842200560
25954511519139130911954444784436103274187610233884339168758923342379085984196826652561062875123757231849147495
19459857288979349817917618226524804082371281097907726388642860679170822885758527034708397145616199262478447946
92794996845945632382702297364173503430783194115698247820013290851202878474805860188960045901745974055630732714
48767908528886797880997069524068100662561144001498341358088973724684406494885707416768791641322420537365406733
01863924979109154747859591638655975070905811759248995022147992509456355825143158144640601342834904227983579396
59258985200763845646681640732681928346007767285876284900068874564639274964415904034033672337814491597032941787
29415506105412951540015939385166392932567742955754948004665827357965399094023354364464937682727254187362754753
29768081903253361410864330842377717389952215367630953020459024386946327028952939944830135775890812148845584938
19874505920914067209522469096263076941753340983698859363700314973728977996360018626500174929290087931189997822
96371230664229799616358257260011228898364765141804597577004212083394936465964733646428904449932539622709190737
37057720513228159578632275919127860542978629531886155598047281607108641328035854001600555756868557917859778991
97902656592621283007225351401525973569300729015392211116868504740402172174442051738000251361000494534119324331
66834424312596309881239696220235885839558783168519483312665357735324437993568321526917704224903457453485891381
25826813669089294768090526355606381196613060639369384118177135459298843172329122362624588683942028899816935611
69865429884776513118227662526739978808816010470651542335015671353744817086234314662531190291040152262927104099
28507241884332900727779475411163755217656358931632663604938121840183751281888477116897547948376766408484275362
30740195421832179854962606665903479258163423926709478399070629231665350372850197513248138038370708946389254708
87039085723581006130628646664710006104352115778926613432214655311411882596942926284522109026688414975763341554
92113558125461655807827347011581400600834576213313038998784327065371995670957084738578609264918885837873923916
55542635773012922436416040625517368923356365688543658516462078218757417243645258141434876327613417527073767549
22276287782264765154315341585713773522730335403376364204258034257264749686217823666951353410677378421131371131
98737322289180527506281227771641249441240120712595431999174657474589258261371282555553508040414394455729599455
46356084872513394629363589408320989648016195831304297209647941285393889962653689282638076771687595885022164645
82430940165009688797366157733560316836710386895228270941509545222744002735499253670214715994056544813842186380
12879990082093357632073636940599142426371829400061374190057951309629854533074819780256830108967287380223482048
88629731303696898826406579047815623897784853650256910642317957360253309087632717849111897484322468680863403839
64176127605788646574472284824932687443062551220506955168464669477183681911432873544815836350548146411099960143
39059579976629064688129502503915092363301107607063286331739337814969338024758003505278978275575092860403942050
63429393270646361610318228792481526793068627492372756318522256542660085568494977202859091509304954259674736483
31437236349555448901598668408362176913559656039519670425368863482369587129462524759031776813184977588276576740
48255813650210364958550570325921995767533426422378372358605850940358397710347667064478864083110965030256521560
74640196527169997323734652371734565955145594930981666440062115993491331801351505286518421788280263433259347558
50761168697709125580056185683710540856081249519403148064618719402577663285267019698387567561524696759028106864
89686929331595435209768752713720161616093117425019970928968494003469624232568841066511330437741225617625865894
12367281711455264238945126317178347902769211714528873529550193367592189080060486337377867281806102547825704367
88449503518925787499836694785908612975543084122677060954347612133717433156783790162012337237023338316414706428
59218597761015823272199791506287186818675098166553774501302088033390435363977026336380909852649453262814655806
55465048234864294953906132574004969128883405182229336444766838550379679758096199835758070277595359687882261946
59612223044549275600274955168583542582295336042834426318478068825395450746691877897765406038432512843812811316
85620460861728940822965862617442076692029742793008812951985467871354862323661041321658127926715154596159435259
34567574459923078892055195400823164097195912500254552375031067356397488355424804496813830306718519314913357892
02123605308199952020584503423499932150962634977812456658304680581824563524814625849331926195406884818446445248
42948606301616947666324262523147632237110969536948382448231641039622450767540561428746826783572370489560699065
27926884558445120466548533785340266466450423396384882577198749536113004942155937355452119261867214782654168856
04094928290056616883807637656690510740892510549165222968878676968631652514917701499900066637344546120262780701
92569870622554092894519471877800430613002182828742586704874848082694857344477824407873410271082487026952383080
49109604820139012940246312448001593366702126583176778797529659634725768943265404358892672939506878608306262662
63287392087327302547910099932113388977807814336728791448768373686467748528777737403547472871644217767820712964
50627088097863792814407119250514114800490705560809722929979244147106285224702987069986922767634177351325860290
89038757074543680778764223853337006920896163510092335873039865439060718809525575533803647258950073067721225280
78179471056481171378557451057691044322925429024149433588396093679321361696954251299731031032804436954501929843
82084238312126582574059450942694277730712480217691578183572008717053877325601798713300550591137782384179164028
08414096238208476373930139307784285545452223675598246662506087542848761041456613622276424059143044555808563181
80935230407793891614902116292400515074914068443203230365609954878620999194306564455332547135557365318516011700
32155069078771675206288152788589714941032098698408304896652435103050244467993177914765910342894912905412036160
16956712221408063694059403045521862128799330928562310224184463652890974446401519866231838819624448225907835859
14043686193019041458962693878907034982169868696934448086213990534591792826654304798207219634134755646525483143
77115667845907779719651077246800029358154626764631022427900731363135252206706295112593587447313418649249728278
47966445854489629329052620580652485887070208793891344760833446531709392424082493280089157313195413483118209277
52486880548733943315867562666122179355051190609992911379445634995627391898459029021713155706096267881673302940
19846423739044509802803094897598125925205585097353743655682578031368190200715167569382728181882458754171072118
08065564480391225045370894226953583821925350756928340956398592655997403913167092900439962759768303752175033608
79028295673068862263077729733533853682668734519035709709687322323738300494090123239274318759046526327095178406
26726482889364689659321916952110636172975707437614806160133110491169227131860940414501484286642363471698289241
81804843652305388645598098392738364906854808230142678031439374404318078226787794940062064891512489525165430056
34448375046751754207043313372486870633237561645232360481932024377596890914783372179553676992603235715185513391
09840273906375328070231330175575426939620262942391094532353791012594896494181256367299296708425066759980345627
34555985596285122814145825560248417833056452405084500659887559875186013358606249327844877720068422965919455165
39562982960591610046578907214842054861830418175604559815168088031783080261445994444677918012432146400983610678
68341297487259672925878680622308011582202628901436445900230164582366670926557126455992579062230474523562557511
17707915120027893809757754685461210173075227992414070263081377929719094614131458020810877381216245398587696973
71425881836152605069380926917712087321915005831977113322793572385071940612761291872572099404930250277748156614
02132743474388196641333005263422908290640092794492480855613118344016180480135703250783632393892156764315962044
26128097009441077761306389090712944563940566015592460254542047711861404201552333712705013771210345700095780093
89265329385720478576508777149663403003562380595757191609382171312222810465858388943507176431939973012661591423
83717028440012039948588099623185947247485877658435507700693409922034037877219272837030138083814439411498497173
07661629613420591050148142839497006959516769390415579028563569110555473126845714974496353205546779407751840566
67637222969090346128706829887104278761090090999160443821794511763620835379716161833124364431267855435550800507
98612466439772413550212823802672671991498972724851298128728369748927642079286866697017725979440785815590933250
85541312999465811185276916524647908191193842332758976995730120981030091710016957187916169422700795289151919125
21053891838538959315167400505723817401030621004380243011187977704252328073236575129609372456053680037516596164
23614770933039122440975287173206797612812042802673925655730567593151264575004787575653185482582141157403047314
74925119108356157657320025461096867018903076485313738329126824817411813590328266250825493132114314789533523170
43989053928534946642886074268371824902498092479487226633686823799580875637040808655649321905489637785549531167
39793527079947045239915329753435869051410586409653451418289647443936718285271184356079928589597817654395011308
88484191635166732136928608309567445028018003737164580091680829727087156091850386540534366600455049856246873760
22557041595800250174095361839287643458003670864954057941720085136357127163768323493134230703821274484501440529
54169537438194545945653316514099099372272280101965465272622783151210346768616682613147184361002551786324795015
00229536954663177395893441314814858346943745239811599546660712059977943634401850783608991089480734196339392593
18973940943110042116729120199722626609871927014024105805515315100109804996044147291039451030312664114726736839
97331503503674274154699263316527043294067523744907505673950892967477911580086439999256481720884742925082154627
98560791277686119460862103494055358501344721902445438245210892844094981327170106739664711149318967899776615954
88186193176900175027901783824624387873831483279500879026433992577026588005849778984624295660321276945810824348
12969084097255067105473247131725499719190103955330584704072808169315862609388601914768994413767362143208360737
51315743763167546664791867538965715551008506268100051198274868077805926677656541008347785710242501332533915873
84761024129794736751001163498977803745930025457609870671092153597115178252014281216647543034075128600240297038
42861598428981660214342984908891735968219228446912303590432987723184330991418726467460755831872571313883235601
58090095941825302077993976484625979018833417938309209658414635744119858782964758509430530081483418217478266037
73762252997703468752903517310792083220038080809212164346586817989810504274375385786789186350517717501606531826
40692888325013591951717853768786588175236642153401096129576307476264807031275736578776235285905715393248457650
39443904966680877118991924989338965248523955367958275306141671317579157563866060048399941795487058682092011951
54952031294562451315422506574858629161606523796643010172693950282294667489681746821163996794950294284013099235
90127825043742819255763453321757616229275111059836827156722977862005372293231408288705874944406011623652162771
75585030134514714527658418642770717699684354996202575474318119948833858067596923595806221658324640920953506483
57935817742903018315351290014321495518177456908388719320697769695657771754499149911431368950836160692539606469
89337487094293321918560129910856447025625716350550862068924029758968471428367868473545553358347765253615657818
99969830686546717364459963431364681954274204904724330646750014426975083223690130838954926370667784065313286648
86080129513771720847581157719491012345141774941482773580041432667332379617716965698582785832300505265883502247
86805064820144457059319734338292386007260169651090325898090991283765227538149352984509941496693386281556803130
69810645251927038185158726486917625632394414252161184277691450677184117357143966810056154839524431549448642383
84298900399826113322468963346522104692545137969276009719645338955332105584245640187448611050959111766828942711
64005401050377042034605252131822804589299863790357235066510878235004334994239128523630889651098924664105633158
41711428853041437722866298323189708690304003013259514767742375161588409158380591516735045191311781939434284829
22272304061422582078027829148070426761629302539228321084917759984200595105312164731818409493139800444072847325
90260916973099815385393903128087882390294800157900800000000000000000000000000000000000000000000000000000000000
00000000000000000000000000000000000000000000000000000000000000000000000000000000000000000000000000000000000000
00000000000000000000000000000000000000000000000000000000000000000000000000000000000000000000000000000000000000
00000000000000000000000000000000000000000000000000000000000000000000000000000000000000000000000000000000000000
00000000000000000000000000000000000000000000000000000000000000000000000000000000000000000000000000000000000000
00000000000000000000000000000000000000000000000000000000000000000000000000000000000000000000000000000000000000
00000000000000000000000000000000000000000000000000000000000000000000000000000000000000000000000000000000000000
00000000000000000000000000000000000000000000000000000000000000000000000000000000000000000000000000000000000000
00000000000000000000000000000000000000000000000000000000000000000000000000000000000000000000000000000000000000
00000000000000000000000000000000000000000000000000000000000000000000000000000000000000000000000000000000000000
00000000000000000000000000000000000000000000000000000000000000000000000000000000000000000000000000000000000000
00000000000000000000000000000000000000000000000000000000000000000000000000000000000000000000000000000000000000
00000000000000000000000000000000000000000000000000000000000000000000000000000000000000000000000000000000000000
00000000000000000000000000000000000000000000000000000000000000000000000000000000000000000000000000000000000000
00000000000000000000000000000000000000000000000000000000000000000000000000000000000000000000000000000000000000
00000000000000000000000000000000000000000000000000000000000000000000000000000000000000000000000000000000000000
00000000000000000000000000000000000000000000000000000000000000000000000000000000000000000000000000000000000000
00000000000000000000000000000000000000000000000000000000000000000000000000000000000000000000000000000000000000
00000000000000000000000000000000000000000000000000000000000000000000000000000000000000000000000000000000000000
00000000000000000000000000000000000000000000000000000000000000000000000000000000000000000000000000000000000000
00000000000000000000000000000000000000000000000000000000000000000000000000000000000000000000000000000000000000
00000000000000000000000000000000000000000000000000000000000000000000000000000000000000000000000000000000000000
00000000000000000000000000000000000000000000000000000000000000000000000000000000000000000000000000000000000000
00000000000000000000

Size(num) : 35660
Lenght(m) : 89.15