1819206320230345134827641756866458766071609901478752648918062218634569461038557534453836095827758724
7391775023841899120416712453839265768657234754645249302757092046253578757895259004918234145427180360
7039252108504728338372929686158005240463884119952662237979106622334146339347439592562978748211316341
8647665455586660436184087223951946276615548561632208981651545091872218436294406051877306392783358445
9311864171483982600804001469281058956437386927671053747631860903365117808685995125198436173849182218
6985801907819633912875966529584115777781349148940993923057810310590598872069149395269669934357498365
9137962578903705716902337854828253406978492916531166704020223408974723378025728021785188391510797310
2970131437329562063371417282561294488192122851117077574120489422432236852636267075141213052823158203
2128329928139634212885757771370282324897678845361061108687640623569027965600953836483565179093308433
7403846779999492765339631654736288935199660225186364164501830300710635452054198301551129698382228651
6790525219475783261744988189991030782309009982302551925216681538552370822233933962565189275238975604
5136799170712249264412562165697775493501518513622342453623608204970826728220969402911532412270029590
6687521246304592598016350798150157118643939826662111851567075749760180575150378322257651547386370349
9350211743267424702823510693922129739573601325706472935693597669962083799376737042695352260758809836
4060570326607822498213847957292084971651289320944504069006480127642591775245892710103392444631545077
1486685532642303913788919310844577084283964175498228765263621608440412853633906910171930463610385645
8207449092397032403663762406376218380558886681166413945491043087791045644326996489463887022356807073
6544100234727446248333518019618128072408996067121780450434868303884615907825625988058481334427022114
8603590042452309662537212614046244138953519229573869893074525383446893912315063797938571499477769107
8174193044695547126347473061484723850392976296127175488065515638295506309309466756844018146184413216
4668326942772199315827961503588118267031897900828333578914427103208342354470363546613879469765135031
4402685288508420397019834284422305272278969418263077061533996322663729398803682706995509520217322001
0255548924953583179968480863400645960835698408512775185875239660624775399414808373605442381678568168
6389112488014797890314870888143989500107358645288892422457030796229869995973276054536144185337686186
5311472943334632700497459546524530674227010913885146992911476511469328116322844277291429242580226789
6882804476075927638509859119597623520349628436336826287617990720968743507107655013447969501866052784
7526019977368463726031821998431396450409819723676625456157696335222511311386068658204196894335843844
5817147699481383223388403108694275803764969856335026035998141763771955021534739448155221081816843367
8781126903944176843649345542370243834679328689942880707395019595988594894226647683198677942442001463
1982108127409529796407358355777490876382996744447250928751126602598976006337275403641464778090592977
1518145840711438775868344972951118873043755134229014440942305929794132943247059183655383860957005976
9315529550099106171462709003081312929619877066287375392922945131647262727822616494674344864691641844
3819310274368517627130308034557814757724482267915360846618514854940317096172622994969315541987036749
6622944764818038547513177344308839281179313697155652585056983870954326955150272519431702859141648709
2731198986274622205122261224293085878582498728072058779956410406096462076893488114866279277971492089
4618086542736339786706532267988760342251889152775577385733754682477588043352521989627740500672219725
1134708090440207476590657537722377855025749581125718480792279949990827699398031516660523819630141728
8499363077185630010209251858015494475294423867538232166435730959076130551403786841217324608511057764
5317191091517914687908801474389290155753120002694301078031627712100804326867782317704079249369531717
8975986609446642073278632102387785193987468472023053569759865392650586235399377255429013141572538378
4778600781677243940757725748841986755691552213643047212210502659753031042241654775790391791735710961
2100839827014566916262687561647335869508018334688362220414110329297862471692238373735782957122519468
3967490073341622886685418101459192339544211735840172983757718064889007150719331720466640794043048090
9749439688036490594749686966319350681574368278608382105461238039215063086233614856304693019454876298
9973986361654921933499465067355040133015134507566582479999409033193616142487773690504347827771776396
1497418976202234057616643395598594859473644564953985771620620875545811197801332399244406489063667172
1329509238748234699670171525787005479938190010410199278899346452526969598394988922021570137054390033
5086901284185366033491026351268107125796701046072200046501235952094986728078852363753836090841932821
0010257605009232300314209577481960992245202867834086028794952868894583400329819783860250441186417541
3015528816600086801641709506548727910366384462671467738640944515269663327812501410765834446864994338
7855801850816060465986407587077690987102122932926353873987671813937001632584739815305456104848476366
2082654256001200191082613314126038405677762180256725913236219133377507849413721136794741341001534448
1833099980187152172978811928419123437486704160582410078706788295284820826911221213307126036858214514
8022171689531891391620207068241906698390009307308610568532275223475920889242303744791536673897662554
4089991660964802472361299583287556901526925348721489285931471753590624435823333022537333267963484434
1345416739892752910460464247824560201870619587173597102131386442042559294849532647898361256565887397
5846282981239883720265628759531378113187997940074869977984803503575681298055095239726749790409152482
8453555589761023887780032139231088497638208764454554433739653605128277824759693719131098124401555934
8397857873551910332602659432490952826888276367689088192289326658482533548737175006058784129411885377
3531251453296390001184022115226304933199036287716636465303799159535286160565977472150348298002768975
9326229113848950704934520858446425457193454912145363731266721830424433307742075634652721403711162820
3962380863551609993556182975212896835537710989576960542168892313269343989102263992417855133108603920
5764743170194758623635412081658471349194242094956450718202422807202778173050730293011728832673883492
3052062426377507852420063728820824909125128152264056399383638182576043502233606516831151065668154643
8961577325616998014163341250078940346111324455387839211863105386380568799519573702306797304546572298
4669923004037560958796144079696128695095986036588024962278070571593604298394727796222196129214218021
1474695218886969112740759327095542805933340674367023630714819186724092174244157929754525159284243966
9718436428457839532624499895777631555327117689573176311557982927580811153855744937550744868062921677
7818075889235543377288349443265268124163809593265354596927229271588472187722309401262229059445058337
0628695901332937631867986526065616821140496431535144699403370426021757606829546778216452799702542055
0389885438390050704355299918128583316777448619859639784075005002766354549182919128957825732186694798
9661918573105328412408338655175632256455893526203574957491746754401416927936325464189161232106283976
3730439048454337953490603090034012435782274912013076332269011719025585995708049245709585180161207568
8391918085905585660088126263939979619679705105679415948543039963063886528763575346337434911848723558
6553675912081898129145971017720650824801035806778619861759359345296604512945946094291260045046104314
7853506788047163425673589425978580875454449321824404839840943289606418291749851556631737784089646786
5711962247989749383436334198904936995809576114827683923332667155443505300718704119928770056032077230
3326473711584324883162236721195613394935026557719967737752765661329763247063313331291313419333058487
0460779466844582653273225601999387218698584109416979943723102519262274473775669366320971340118833232
6156606045612942637392229916268845028323991516695818803132499138321916335773284756431066231366269497
5561121195902433442526050074598777366288705605524891029583229888135508065616851148872951533814449092
1248091258025659678098849983305587280625208533887511105737196438266956487359916870932656568298200240
7968190971292794898297597554420289920722473670869601655457269363010330820699529911237709427644495994
6146797712690403026636008297972071222398407766725968828023286677164265096932632799414106641058084312
8955964680932434037255516248049922845632407645359758012564762587467687435039205482953017271428750529
4946273046904479682761097154592852318476462977679365090388381330608583003661289380769056695629781722
7508771310812677490330959138497908241093767928433344542543378646157080615204285385159728312987223103
9238649572129377314446606754207604684111732941269804621441022445075290528773881602657022005012573065
8896971662050606661038085284552987731471343320564976597191959048753012886875806127943076901363247156
7654343877639990957607611838115807714101843455335680361036513138247064379565989389798223305402797325
2857735150989715272693398055467556132869821389154666109525585905351088020956588996127847061039732504
9678313729944416461798621939579237539789005093485811962751587171345745632993297473494881402108833037
6130223371229895426617768191505925539749926331008497820200567712228516654765026071406256529954518190
4583395623332360010662355449285047220339919237929005483300264328852793314965767223217531808882356858
5473604544282558230074865790469735453682370648792194251138086475142793102790019512269882932883194150
3930408681189819714588637620162070745820182899547920213233595839335694904354601362735398473525081697
1311237391569558996050479527549133414606961762772963996912088095503651518431209221134227466284098948
3216514471458344981876753517215234580755604938229466678825165543704683986570155778729188311763434720
1980254936114034386506001433877485425143833263495444935309203037575044220512026263958286674270102626
4666374139225995887092349954381526496144480115009338457333258435908351446960696523361477115361684418
6907519252233394813800706532336543370471424116131898234125674114749312322848886669595197923277778274
6571727129026108939295090217024333649080274375246528222255702821611186102486800474091843968278517746
6490897096908009219316889447161503317288175563730351421229103443322341173108826763696119488041566315
7885548320862071223291173288903714063997096542725223674393091431526094247239499482690992880793051414
2959308686898912924797675347836865671266064083075134238864240425395862972107165585113812911476749725
4400933310725635243824187406379772750928760247724383222155709558673562500405464009702630000517152254
9946531139615754788672221271384654255172708555661229650796425633335111022051345714748414298601230732
8687125337768468887925107436284486993005355905608233455407835984258499576523610809709279934072718775
1634569960583565821918163340867776711345506835147629239639876137404834963434258309510041886085841807
0313767098696490186813478413499484593840040819753404529383562939652066611822951127342548388430596419
6784754491615422085860241981103552223517890456687486401047317275090299048306493236886551165212955388
6898890620745683136967786211786929896087904759494452048542893191779025975483129219877390756875075825
2193629100732955701399540155582393787119910472185867739428181056591584597470929585941654014011832908
4681067418508961403694771567050674326912804865613100936782278674336387848285078810358854076315704169
3164996494387026172362408510762693867393093237410924043880429735456979341548864194491676320916157781
8926806725255760121299083664715983041369310955927482181747490637888081601732495734403961429275000825
5270858293171891741333440804895560252361743432043263426814590616160664287422553196603750280615952953
0215480220245634115994787692904956681208552193880840494141718503148852009043970620226367909085378940
1960796762089688035714536601801863277790307923402795423418042342160024057413809054639661249750473594
2149053928678868975445759869861805495034873559164477650433217109362308133780325952122073069202450935
4395145114616503929413765007708079686628845872724765437882904719472597772102397661435355265433072392
5978032743922845185501325452209572233588694281562723466641112878342741554931067514270504649399487585
3463334029442776399749914058339450600056071730342962866803105417487115321180540516013772026405534463
2239282228870044101832520133431037002350794039779908241126875877169249588958770297503590201599890509
1613690329393023973825325079266255924258094645561261236161655464352700863600118887496612049311923581
2260345448273652984265229266639178756291961281181435300662441991201084591038439831564303365956950295
8486237531484817555418929185536066953317116313990514915052597408779915794854712389100976543400101165
2399291653035780592706471482505639278610984309756747671690785389689436502420441651632518236752819598
2405729093137596842159560946532241126482142230509519811556367042757739417925987343287533169091730819
4347360621836672207551192536402226262291556380963565451694131627947595254281285507374593971164774833
8133972836638121641265152105683938414511378521006649638031691449526437822585792206155596367770041483
2598935117896909345155863840238097684590705298319614380562470296230253888741269989342840918669926155
3455212459353778320825306450115943907508548678657137042397142024277889007431926192937997501975331176
3829298711397583333093615054000510622971271857259893967913431912408186278370281772687348257523476349
5748090155939702444974591984168851599687221608396492158643512378779845948356245095406874575042857861
7743225606257514639804830820895821681245214221367591084257892685768860608439928771770732283473700297
4940024677231687982452952103321397394060429341549937547811554216651681553642530030326332248982440237
0811646500275426621442455218423128692076429981272121297876476620003803786153768263356256139395254603
5626643119459173456032232531000960425539642742601797469821406570542415685233219349925735119706551632
7611895760955674731912497394721494234698119387498426029118992169404244060908788704477218421532614357
7063716037138208286015751164524430397063865095679345086715833246159163112429030720514672121812925985
8391941081135112869317989071312848205514736442373877976255916782674749967634948824824882170347280333
0710358221621387685833519535522001670276271543267144845303683303559232629440677256910455332381664785
0817465045924887922577476603723871188620412198260207961550849413981570735333277040872933029538648156
1721228779170619387943441604080362967537807579205972596930839081919271274196329288236262024434362665
0432008672093452635464780087223422500036735886665881761772146843215426165331698235347344529920734097
7245563607976106047674449804815213826928192442000365925664126728319044305473166748950487322432278092
5162131734345836391445932372005060924173080094554731482826078271184248594070279690645499623997455977
4090441831821342602446717438572341326008715900813633362033154624252374736915359283300335702779040316
8437992071026910441092948327700066833390931483273675212167052038884875122458347036725411782978777802
4703644550903560468514668787955255636081481239509531589253248507983470681100309899330930037514000193
1593282736942910546274449221207227480016176195766685417012472746072030115081058222790225818771276075
8273315638816418332717314219833168512672274485152362645630525554822288429634983042954169461414589750
1428056190553116183368862032851438740092671074547673546184015910077970517145646516161321311164765667
8544871089511686266339395950270747135729822424127041060183424395680902955180793852324023826917227268
4738796218996551728011049483603352820679779408253097477815466742036646228648344284470586208296463072
3953855608905490739260072416885964860042685890177406496971279086288485310673653310832724610584402122
2460930336997895959934645502877232085023624376536103181197799209604584077740448715357533413409623524
8202388117595403942885990792975772898742084061604376088033888448743561960438906585426966904968149833
5439199068741461838912266379165112378346474755624962043750595393302652623852970674556413876524986514
4994252149524926746525863349276062814460192742604017538094383299819763956507963106879130193539157418
6408739933727198683776098142112813376396180258903208770395820818198466455649725118526300579745626604
1289034518439235525169659797207215573123048470174691346755378507897053220857755158575865689630534730
6747656232030174659021167635092263623504602800932946760790043319352988753710489044921086720195451210
1245040454674037383768251505899117718324008073906630482378673261932670936030925134479697474010558258
1195478448434184558902922250401118767771590368108276523547759215128220723303864308963116810576347816
9384915281664145781634574146552778921611279612292504823129036817387687334152434251538825307798644200
3905029902833230076802483520981982578968343115864825346646624875722560648500457421395259708439730557
2676875531331044371162497268970947709430726314370227194092721559080759336531369809690818566097975307
8025343216378662649364430602347798127830648177706295875405029736995071418796557154871807004450655511
3722191961217615638966998040667342289240460372601543019702862053247073870003333723878239353774199429
3719735861672508202885427825668684150329217690502541250084881044540216469715594552282374384316548796
4990494361456491274390592978308104956275253088655810251342365632729003745640588935226782588023477912
4609529360334338964068876987923122196463410873018421561450052776505499254544727568969790337823537322
7459484979192109009764484179966660255116702286263775566709724133520165355768740485754398245209844522
3273030652863443412067367218884464068314158858574575662063649471018750871894961363533257091210053628
2962181446401508870092878940251289607609312073105203163374555956813250710999936539424489058462627368
4883122439374678014481626886506247250680146086785305576049689505840133163896730233242753388007953644
3406558885456572089518753543893099432953730693721225761153332240447323636622954366265265548702900420
3909356831296250633409221218918289059837823981321756845684037671062115818176208505103990331145678818
3538262240185254176740867185156269161302858922771331449397842694824271636891784326607250704789414696
6376039202791268885272531061274956019868124501389894406371377930081580292268027655534954566165365447
6036713090743919008966096946989538649118322573740026791842820336593386513387447303878843447208812158
2376181602112002946144006168832727951064014589051588908821016339956176133065914815650868660362991364
8115339346014929195755731468031315841706365834352935511541949274844583055165733065506196502395708800
3960784872438187827090925875835150934548402361030792815389777307544533242604365081469701770188085353
3956202199602089777934746627724664841516716462375987542154266823482626847889501485730920880894902852
8934892488138598930236601759438039276809016552411009756135461934715226082504194984387896898523634831
8090612932819612307184175554239073983018652457147154058531749117830518276954601778755964605770410767
3342817921958009845481049408036526452240155025994178204118980690211351869028032434887217340921312228
2230914816859730697912141739111862810583727308718998553874135498950302430815034228176499032340071567
1096374839613860154683674809018330742843326056896631204932300969411692586838089763868418704947059225
5713632372932142342798466281149974575488545608408202352010844850593230790832159435238151508531503418
3606617640484771978901477830798349639954436232373304006554637095301243175826084997071564296256801408
5054259531599807194336946801609955835441327353184882150797356032207716395418418916622963011671475684
7211297580561372804301232032412069354113769278995371530097285276923420000533976440343452694953400356
7261940789110196905940672746958559438128820484926373141059811268454797624299667551029663592075267861
3789141062029767250542843935335012070977997639872509362194684427903999829656619910451260997456627758
0054805345966083812445589396441245247656634968977321210395979463007743170277237254276680972923902291
6378245827953949814842153147189928981946122203610765121693123109487393050831140411297155374724904372
3478415381591329602458438969597744818773871780134463964266726334025262360619535022711285531125681597
3139559522389380551080929130433546900372619682432047876779431481587832876633769594654806868694548464
3181141269058907364848115502116848382215010546359223550683081691871742344826424065096968087534666793
6040773017304739861675235497628749499099424350838146122448356865874480710306277725072562354781189919
4791110427719997341243158110412392044980866879564146898501415108682884328204616480109493785222827477
6640809521913811461450193838282457258188780640023617554887487914591187031549923509855777928523253503
2351226765808572391639975557700403244892958681782268998747861283698432569394157496124648457936012073
1555477862629550129578129172524957061972135097342561480250022218566695085387472808920892476586666784
7374978133976645963233780107398897823247974648943354918252320744331944954904863122464629613262461812
6653798480726358914035114366546793624094478620089990993263085485606440140036183336247502332596811188
9823550632106262686311041397455287064842183654903081461194539066453561860368766721554333571360422476
7298017056493940218886964183578094765397021550394658117281676301616938596463017844019631434751746368
6317975333075052043978419594501709573426362518072606370387714664998664224163124737694168583454447870
6733361390863130246913243187846103414730587979866144873890062226456199941430697335889061492449788345
2624203544183001614399576385767668147045312476155964232955022659673424263592840082413999315397649995
8833720122536582745662954330176405672273056789011254661437661882783761851763306099435777682685556818
3953734701326447510081401053774424198903581360444378231861184158379625367723007346129840397106470803
1007864666045610539793008609248122483534757499580575508074476833521464737103815429874354320423200067
7547058351924912980275960427939714986860820727235486258321328381494251335440537221001434096633003853
7288932589306186072081792543883366747368347611334360078965309922465480630932860702862249665287558863
1897773552066145315726141558264164026425612992756108586718705071757282564367503897931600196103355030
5036703803755543846328985219644553871724664919533895738864773264605697779599757425550700381257925940
9036970786297818421930322176115498523325598732195729998836145523742434086690563929097397919160826192
6088796877795161106279627882341733954764165883775997222476698099539287620179996427182070264555815695
8423912558575955404625047750141470086285570607926541075906330534871427532905317627513437735122509282
0711132457600986010288441138292965556458370968812617197622380213227213002913297877659067043243936298
7106360458093398148829090233481734312125594396454295895205289388151244517508138756560355779717859638
7281378179877260554110142227986583686630771657762703846131337558553619664920944525659173077857400243
3517557679829508886178203436394903001619016453692303098102599049629899557643630082517636790355029550
5018754148708561213064492916353912097155114579763734715234733245728696244954317599825404601960116673
7235008363132845560212177261559716208236073261172590075064778463299181053361984981773627024666518835
9168523470897930272619357232371265954208660222015619155404734719764715443158281652301096201750705779
8468573639231728539569610328898978277695849439148201982133642165776331362102671586548243159267929820
7014993180337907405631100061027537897025268316653873675480783251535233896164335947109136847604057577
8313460637019702977087153465405441995156481342656563570853339779475336645378848222034756164107830968
1613664057621973640653782881213720978486406849767313424086340818438156052071407837525911896373122678
6925174786043206213171663796932270310671756926266611996840323532874704954950302549202912176219314390
7143240020404420074401613521457817589365098866336850912172966779544635026117497302425754322277955587
6310205323562115435908571227350656687402320838035515689312971725881101676857912512029046026732508821
5301539991509535742397382758304632437274463621991747143150516890711363831402365837281953372173256325
3239893933322207800434873277447168980523674122830195071201591436077421406641637891865996420902520652
3594055579030001751558282712923912403331817125603522086608015447541263245232688694733177737140315499
9184911961556959537019823932259519947710696841326869406053818549490178493760556936130871241207864601
7276506578134004399391356473650228053280371576727036875705204506817958220098713503630684612955275532
4996926433637293677513734845663941043580378575265536672128302594282953730885562206677561029236194047
0029556877653927038740572822533870603330105393144940614376821903666611949200082224787803495997340676
2961666655732280198001646920999860833367717206062220906990613425980438907336535873035391937976450745
1545475480097871831890143050646113181018217523716995000672796028243907377116576622097917936319041912
2884829825204737148656408998131965770615497452862533263030333706552323431368952917841917457612168514
2004133651775643844825102560764351309144194999789350431990469381765428430505854596034364130863835825
7446638911284459625131068581874981262473249272442079865447387619483664832350499126412957662615744941
3789100435608985801633563024917445660433619429445528686283009340941044302473886779629898605589488007
0346290028698575192858067172109743590083303472275046045645671674342568832391250389022826412856235952
2627050817726898971413489949415284954415038797506738012015335433479413431270499639259095989675550204
9602091443661836008413831929599325977738615690452666724398586954112511338580912227155146377630987182
4764929280469485108697619982618494012891219484720367500131792273401981523487205512314524482821043586
5456428810161484007473935432992819502868434354978242754672726854262001487917854113789656041497098426
8446948770556868129588560873565212255603796724796804021456374706677595207284340886573523400872856597
0832131769821638488291960746312039072028617734116633346319922135613102904669282116391713750326528301
6684181995985712149379036103151540101761100373777786402173361198492527050370045189044504729448999788
6360637333318202095869823265296609657159027710527740580505393094350532133030119521263457344551965451
7492227803672685754005171692719402586726223740945564795239398810768999245820317787672269363212551673
7884773216086761947688901975151513326276849238997112784669393991266772235444007472387627661525348721
9954055196206727871703453682618556048765523641846090682637439590234933650776765801921177218205089732
5774829560934471765673496623788929372128244214354043762800935738224541841148098580689375303166714215
9498099160151154448420912826918181634076023364276812706469411154432697165834477506304162769137614553
1816004896004803603608385544843896655254128160352737284798024440550634364635506789558952024400189494
1085149873948168197205992629982355200302115148081353110293922193145711809519265644486711960058989025
5682942984310995130873584562007578948623952403292804016545447138658702981017532534773650768459447352
5833909364631249324090170926905392296158164108036522789135600009853300311216870416283209336472787351
9361057960447725005049071782924027336875389249668161027593064482707737521121174994709619978328388278
9382729114441415547336183415531921218212476543487572031761779309324962374423976906239663363763780396
8503296216488705754005348744092118707107496517768547100121078731193994417396410475759043851267938670
4254685631963369465363426879786677470392855110786343168820485406640958820446766261953979816263077887
9848469817674981974559000796426845845130950309173465452270162755866543566512578487440944584330084564
9692236322697663512793449581343808553385454008576392725957295365852276098634567723266515140190071809
1376596181732270160625677833194753440431147715132051624225170190102012662651252800794374962907147734
8860819522045967829354609273967514051335424070512605835695733331491294055679312901795341773923638044
4565026661816040220569533389097467847571720855700954131047654352311835696757994833458484726161308187
5853206651853131143784340027435070841156806754837715502732530390398409444856375555845590564417949622
2152254204075658598507966479668976301902051943290318406370121262605456644998359646861721427731115828
8022269089587020051661154384560957900607053399011781338390976613076937018415392946140108846576408209
4069991805314256845642699867164955116655172647602376142108818390215773278489089764804276218659556331
6730749951883896297042644497203217677866470940416044416733773054813747620435138820135654317353700547
9279583603933129292977350252101129220788770041617640840929275961358339026142838200035275438039432696
1983483806828152047725277339655838649009454259166815498013399477024397289109966657867077337541880179
1948036802576586897919753183042112327830670293858275599386153140988242305131493707027693271092510085
1313470633087546885785616627587750181810661533625679331586794473729999615045204094294211203716719951
8961137938393911312212495763331470958102562069621467148276306351850301779310957143542868879103919489
5106476889073865501462705014222076640762575068963172193091051451706209926846662866312363980344661717
8843362931359934299463062755292802810352113636030941263022228252199332109447801899975757956051438950
2749481372747924937621400726874843160860704520826106972585688365157956850436088636565494834537404999
2526598287074601049838626771745758715682713219984923237820227342449626588615748186922832545376846655
6884897251015088737123749065268397771204185499449077208959335711914169834227983200192099042112589648
8093959016125156611022421505112251203473774506739490838783494753261354210093806346317120837782795695
9278632134176543584404705890697176592965788040287818185181791764161131301584411482388348360183837055
2297012593732010042620324604874183444640384710197257492360571052790589058227344052983657448332263862
4991256513174124812352074970150365349696648489520483264432334317006387753995085377988384856352007400
2230677628324032206575870682216735289974229153304731508569518294825206440098287806467930980659888723
6263179196681219770748671689320858396089007088019145251700085200351450759708361058867887300472756070
8572184952468580628616643351894259085692038234656400852060884077614044610573050282332785017150626493
0998071880370198239640590167512161490986624080193175231080741948207055476937879020494264304468134904
3916956578650613693528291875672506922394749780322755435807831141862095096793892443598746933416282236
9602675874445169819307828528004591363081420055215705060861327117174341245655920090647702253048877874
1863100098938870069913218862282126640459782898069070438776195350525403024491887685450967792431639441
6348335546397692987613041313219434675701314664094361443567927844274329670912115531960115163920177419
4888117691551778276127269042678782128724976159083243530672447263260835675706439662141408073628846062
5382255955133960707413790682295985218721807959450513615812547918002134690474687808999972558025580649
5256229710541609506570013959319961169294440219284522978283828946016981892670544966150283617043902168
8027656097901410599710556233293730648867632184452059431433464260568960588405897381675297546048874704
1874796591888162390176593327006340047990421160116431869028212108146664507111043401946741546288411563
4695008315586336223280989036179382400248609266622939180069765699515090235134628778880311853549510717
8472844500441533114267967124374549392862635613401021033450109815384573271342386918176392105156108894
7519290581635479396028780549728259458876466175800379009276090857811938611324960640732184790784965785
5354175748076276236528234327705529684608465858560077944148692671099530958944650407403957721581635443
5761230165392798700368364826950202914177285126454698832426247034211903429667753280068181036603125139
6234852357444903075513549448226942912813032964004883768392788158401980492814276383240668156387694413
8562514098928596466379559798810371952177863916933728068958208670719962837405834794416269654600767926
4630523050817581130657456609838016563269025027529161839730109729978550352909827222518777622064893333
1753443825129041057912256382038058109144038003632311623475152776401005344253620058748851985632746355
7500085328746357672452766265858334620908801170286457836341663027987552718800583686668732385790106866
3193265638346917403585895473682724543736161618739611310144292475553574007339545380696054960344424799
6230151944483269794314928001899457275778363232503045174270932478102036907924173975088269144398449307
4278752942813043187006592345827843599718902798314036909476791881106384418004352119257149845551447788
8859154689896449977354948860966339620558386092696966579406724510283216639319560765618762029137818126
8859057645775337459501319528401391170795255193739537470149620829941714916138040290341515316108104821
3047942844408785821147146682354712222435723239493749763305304848645358538389289363700071866234953291
0881180849407892959245445476418597637683545587607044071016493579281812796131500594572874179327404170
4645414630124572853793512848947277323776419787809332994615062510347401326901312378634464679413590132
3963989780112758696298077112111178051456591307953023440997953116881094988147607249579825197411555651
7113900707330130015768963886427819649340155793808683699510358216516990526823342312725419331521997773
5631386046516948116239784474208516648827299036906541586231951105047695344742485343240565791449909300
5177541462987889528451874535678413548712274426030382930928198303179536348273365634229066737358296751
6356962334729373791411842647729293011362927523498652500638438452165612462187159821437748714652784570
3680848104673017058388398396603358424023540585620497322299816335627356177450369018100881338199173566
8379377892169211472109822308331987500374448918289068556834120774843885996370384481286652989908397474
5792276757929506931744160930269819976603220973841997446620446654661851287687637907543865518114803778
7782105593550749914883385805271731865723738626838922560455872552322191226234322962982168574635244996
8735853505584122306074151471257104498799412809990505298053956011191013194221179379333911026104815824
6972770530952043556858051533780913161052971869784655033735381036776116362314921416090971143558606615
9726236213539264584986156697492716467296301736255859068542267207068127552267437075335774606469222265
9777809751833842263205167665110551423069162981530763930281049171432147680053412898331674381981975321
3297962167907314041770048289533399114279163545157903895806878365916455506876507814131863966128705343
1389864703100566358431720981245573472826684578103792508776363028743225156858889843491177655502353142
1075449967932658442492052228841614272488161225658798620186125362116953554401719003751319807095690717
0388969172340588630851752631401560390050858537490293867520715561851157668980918534081176480121527581
3706686480942943988411275820512804469278676637696008287482658667298281138753016450261201783844620240
6976546550214154663533837737882667723276591890627098310240522139530741405703532624766972596521778457
7267722173707263111291290653201554209412950631220788488643971633061496007079613366457739273148394243
4291054218272887908485828206183663662552899167952877706359792150619266668926783937326472071979079490
6144465143660562220052050773273623952292218988831381216676328350601317980713412783236818798153211447
6558532298913105938974843140833524761135855204722886237367505260834630093574152688318207128307638364
9467317483910948899823002264130244702806017658769969705667743393571824169645404988673504514324500494
0674617436622322935090089534967754866318050224890601945766651936078166493573093433113473056494427268
7436172099548574811506135258744303710701527336731641519100692867213349660233968366123054160539545360
9232376078156217087586976044078806959047790057228953748712032089773988834665982098503552883139049755
7090420758742612976373788038015431940904910583099710331760200906668479574147855641760183824595929883
6180260515763191353446333892067341389428181043442032203489255120343608625227745802237584172359121258
5826603624565282032604500448252208723641052814980811360227496224565456304794334530598774729904784818
8267321683716000478486809920293496369597190948856109981568051867470009762419752518243686752611939716
0010672203706526392474059953167753059440187324043806560342844848305556536669101290316791134615688797
1990955010400941805425155581791184720386220634361412593611756229394824749355012127025001197183894943
3232245168843836342529537832698918143795411540010355127036271792918544844320743436569592533883333551
9747449593932593597640301940976836220445277358413926178788072125931714485331614640023373928705252351
2144131729015550543301334092547944088491448510477182663424585271775736952243346845617373064380062821
2074988524172233359371433426913135125272158975227347380622359151096962668945791610874902418722710001
2116162683798051385823175322101561575607893198985583034589678918373710807082088884566226920712867570
2754469892352100551834322156513540358796002927410860395287258765284746487945127043786366538276082527
3407404612042633494403595097822504626147207949640787396926908474880035770078206722762436448527272956
1684951248271196623718568474976555215016755951539202282291345852624107059997622290808704246786335114
3927792613602566414307349701689135194010557977882741972218236656205830341246995191839444479741000886
8227425409802931362327037544988287406936434942944713808957826679919673562007671257649677491054900577
7065173427736217729588446146997273888759399931634654320186039870884639706991968669741007838040059896
7348733361601042056075033298393007434603498318199570022400585360573770728104810395185484383147104451
8312708193845662394489879054211322893966989032840995967213537194253920522440812462948536598954654089
1981626947507315584025674232608847637874378403127392004666690529590612935753794935286579979272824603
0064467900900488890632612670849873733225261943367600497497644480046189008901811292177314761886040723
0429806502587196882322958697513712826481896359891254515161011221852602618656881128987025973376514396
7723220634481834989010661401299633496636195178017480287629195067875811398060598698998089714014267050
4296781975480606534368126911206961136198758718164072018340066786304049696362233774205187837294372533
2954009587981802231959465026974512869105287554401977058983142939255875586839948204709990966231832355
5272611462064096049737613508614532526296076799182993960307724054462415305123467980316999045881110574
6745945336347810076660212231320158762466054884692259943554010974444211718000344354133189638787128545
3752916015914708924837927056795849470432639637053326414978572078641139809840697110128913229367535504
4729537505040928376112266431029385277861253644387133004360009108370660655347134469630927785706978780
4506380737944760177922936880038246633451947011752853126736666886118633005406554249757852059612528440
6939928016742282950195317947641832748123621447958415373247994307845708616582248657287724397546651809
5777939830784166559996432596851920543647205335961774312110531162057357642044272195435591513195263960
1101986757729888343566777517020950902122735724141687860936208314940828288284874724144789731306968741
1173762420924584972517316699258665592711176595761409667994697421006989641015030929691780354137645107
5172206114967271920568460413770435586624025923196232601672774970949884685878881764484849140151457901
0770808314118832333517495063981858700480730686624985325474073269099943784891613397452159921919189138
1068743559944048323322895333129536559205688967097984100997307929063367408841497093926733865576512857
2139008556452385838828737584577714963749354433077633097770950920144931572756699888911560506175018102
9593818375638577713984619948756800228602836096211707073551673368340499145422213250389885674198198971
8973659360271153469737047551922715385046686705254169749769393143182509366799773556059454645269130325
5256983011372186490037698580956460112250389064789317695039444482253463288824888925311068210059127739
0259353408332572919389421640553844329088824751515712204501261929643042452287715204821696289232685640
4397521559660097800402111005406165533417757013570708589655912773319742202803546578030292379734751806
6662597674949733123697952280679725786110790224821129331788989022492459642986696712561672645524348545
9107635299428148024805365889106765405244807667116514925592481620026219598891838987721621606851885934
4129172863424352151138737770949125169232233478570680966335818918348542730951204376836638718715746606
5793613981268271718017672298315477301543766032264610400772829543647422046097013527885630390224801430
1711594923047802999054372522920171821951724464408024268829354042970850092839323497167117139809005576
4389970080017416116292459538009387901438375196009682862714104759039607080197253428048165683791531264
1828534327653603494833477450899412004950374618225925268931068853978711035100271033601950149489012388
0465872739021228958178314830668007770780509132726777573858569547240932056126559982235894901359510515
9505740346652251643760519527288166333667864939863738151841215447691299085639694246464000222306294196
0916663310359629380492922113001605457980181158458663938069478298009587326956141221099977902588511007
1170134148004488452815479295063926110056594976303737317457854934626243826913397556923059123121252819
1182869603435503432344889163260853632286633190750310364701451411500987093120848867437708828110969186
1880440977455737315270959164398524824898361906525629463831764128121446784178756246838378682542051800
4612234099917097805072014479374739520436061462119088666811842008801190362219701275526245456313868844
2605551082781935417144251564177626005216159569399188755720441874221674880847387112987971303641895504
3786740062989114273495743484578675854118349666981208944788222273627695252828359188864305975365195484
8380963917306826817738074120300510908317564483771698815971842757961685746874063894302182786775461274
0069701885177696544800003850249724726166970855995303713745353813221343937674384559138999342009997821
4197934184759355745714759765370417678736670814376215347965303714634948974857220051334043051437386597
6600553212061368234644744021446540150305911255913148431603157274714488095512702472542139382489730084
8353060356760549279428541004153179057688498307876646193609100462682106069147341719617099214350463497
6618091342230231601011863923867078443520785899863746293284486701931740657170441196334849109965837799
5726741679013903689745211372796188997422387577453651104157497597156365548280361218485244970763018803
9514742370010085454228450333080532824803949544707532785810464462095916853212616538043582804417223089
7693916701504182282252080896159132781610222364767435118120704970029161077342076433651014357470063372
4433173654757638492762621182936563727650417354475668388431842103715276329127426456890520911472366546
9791497652112240968982147163823647975579780474946309432399294721828935995178902141593634623558968860
8483214711101235096690824293530016232010908941824515919226450575217998507793419104390836831230256110
1969415605496917822818902575497493479938182783420194541728227080225282852862910472472672934279339980
2309383530468698572751184556257565706366444742394556234740324520475123829227311744366631884494060109
7872642344464161007260993208637653912233468271869353548011579637305922599111288717182232868241531175
7582713783982013253896381173483488999552991039323955181320567136230756220534907655992101004375125408
9737729311525075609835312781616662948294924093471827609043125918183847353757408963003492797332068566
2914262999962375618398723934019250478943310796024690222941857970172541309730957923650855282019108168
8786053754386708462730411846372680362621337836326317085530920600500760340366633150104602817841743844
0024061059020013714032541366323368901237345568850930883038093922957226660321690687697240694376949687
4686381033331397239368059934117739576920554269596010588708319536538667729278197890457129209267405443
0327512725949145660434502492451320611515954043099626848108704957225877382021535102803634557306871334
7978066256100852019936874927380320399260672217207839794242242507118636928492752683468602358940886566
9780736053774681562713930870665073614313464933825244327499336517579312674240824824407506117266531937
5406829239168421000823414847312903920995071934401754640047361624312056110954260732700257847115667105
7920324891212605157011058382731207395983617779589973923926340487156287992540107351980669895958167106
4740672972994773796209404845154579809620698697732015910098038696866767575826982371643368772679461004
0147159396250869696057236267160418568053279676355814946883550105939802369042066348629657278205718470
7453718423250910012864282607961700549101831709284518580569750364389387764735095302653032977026684201
2754750882053369471941143378182681673816346794348946758017234930728589402876714367031911875705206173
4217668606721108218601876883753862925992787860988032861288897221441633074717631550485439940398104281
9105427930046170437196817679709043513279000336025487804719748850457063177977789697194679604919177415
1799394212420956109657856232593849401297825653253378430903433507941416905721803964263361856511380080
1282421442134131561035244624851131817763473783635410082619302432696965600026081275904704955016245901
2760542068174349474492334021250116695346449136241846784990177921964812927669004637638841360172223100
3436272779689497122883889677795043606711901358235823217725469652122217614576809320226361394104971791
0515207629935026445963761959258325866830140352268491890063191421553327936425415473501857560157603171
3097560960015729812630501401653338878934144934039939033180469297749751011962090898089568005242875779
3023383256118247749493656601239463899246672013517509361480089514996227760692827919097599121781981935
5326195079937564258061114052358733078847869385961110652032067430222157991222948330265691701031693861
3615210491853233810644463283161683705033424731767044435773534568461901610867381668650838158979683262
5291049151427371083878867099123738416481981799232883695607371280918646234149795051942078199710740341
9687470159277881342461829084294464813327742750483891749891697671705210895475241145582209625688644739
0270724877153475078583154680033121194343093154503865276599453279801513531816142156325078910054538414
9639779342812511297554248049882114207180945933204569318935598174503793768424773147471616839309825657
2306148009210003552306336889545494135744805407881446701433835543567997420843868857302235739290826956
5253325500014561929164787445020438897639348180279763360628939346545361505920930916864561339470332163
8383003762184492275440913622331224129863053964624473692271643059391365776623467577615281688591369673
2638734513737172243936450472704639401565527211966148211935900508968120147920758632094864024834774035
0849458228944164555717617663928690725960127610713921803235728540579937042770607660158055162952649604
3112321211717039992931497660025781663806112482727296460258040024664609700023805264710778565762250810
9055076217922862963327702507518372955287248251346479383527998035995618618492904315444939321975281028
6280955238719070570419623519545222236148942794045117263729539547923838348128137162512201759448331348
0297387783147843629983359066954211056090155769165773265421430710228670431602237830197302117018142210
3559557989414647770896854673319274936120735325858413739137744597310974669931182270541675442370020774
1424184623464997485237269250924633502111999501781865786646946914369471575633098410639544159039641042
1955057206266541686802614211636917721318709540853318891262750690367803766191938568016175937352802348
5717477986050924919382892691749655277638676633088392856018508773976985301300511935459166721073081965
1550938455220099208488905794580022095819343789471262804632344095391002479125861087569122020416452938
9617534575557221299560037158270424054038784252803770847415750167302184407620296105421545228882524558
8776248479205513095527512706399966691051200967943069262452575370979254354437621858039075077665440577
7198682563088625628242652088473044543258382224657057623789326065424149868995911813044350420519568021
2565955045282786173506496952412588313763575254364037277013830617394001540375096073710943795080453522
2069467875412103242866849257993413458838492124144750796982191859847144677659865258462365833241593409
1436114152402918481828208342614364008265101834719073503597261519797024171105798457935084892396113223
0078362620347600161101933966445169263589486198605788258930920392601925536061407540296560365995436057
8986418760025173402301548615740892632867042717332033350679503765970237745868018360169773983593553305
8545220856894934077934139372699695372251523397251355051761093780731827073863875193220368877931870862
8551012984056253037445496779481168813163008740680437394470017825579634763678721183056626949408513854
8511580957823132056760436490898860558665296946855152434567802129546392297657399583383814687355513186
1417293582253283836864572317076128482794422050782616500342677364232028665811678914111378502000212779
6378841900998719886558094231698897663175121261662503447410281899198615306316347281062815567120076528
2362761092298681065084980548081277707417221317598638909784867538615699188695425191170774714190249244
7853477845967491580257028752572541240909310412008817217540538653162502033911743192313501160987183255
4938729763403155145966299306805010838426558946279122403511994278971029232948111858290872451035688488
0725543549292229305846227964478789332345891346885308493086349296514496243355329708864392914318241889
1164527004567893351465692821215821414368323911548558271962437450712285712200568719497908170041797176
0972029109148762162249748813400596927984552028827787920079517336745659148706031601272046247174641406
4992003948619551221533938719472408844349716454695310300643122459842497889113949803140889653484863252
8805995059973990455538317317902395489679221496831254421873197700519252507725217746761391709647957989
8313793986759993980661820270160468314696528472482801898059961582527462485201816114041722510781171742
3695040957144178581664856341879787215849060872265375709225914668327775203224366581649545680381816810
6180807259905143788072266883643302940141414337794083349212204746952813251977776177779765945804286865
0504686751432091701555431556266350838981337955245518079410316660670344181007903213500159190112290074
5819838090859371582444686912376768039188771834115057582099333940208624849376490011471760745003670553
2593262845529752409531610451182877628310103139326986022134436319050279841625166560570591925439270929
3601607611683338560848840979179762961143517485050337491930274254556913839867019650147382590555968406
1430850312218266209838973232836871061525857705900215030844226421467714967237397415296556162391039922
2872531801496560784591906838290905034547484487661693797935963896415815524486307108105683622287498998
4412842837661715667762904852153171771800002949971051343051801534642373389768892653358346061264234181
3519075960975440042236666364124581580608028707389597241254894706011319634289471354611031165089761738
6113750649542945743702143676505653099871241714048255545229728650279773554539987798263364355187785190
3959518678366654086796701308919528143748640133222336271457805418437142050083866905500838688476404738
4155675417168836262210453162197006148579086203381549470417038894660044755623160561701966591222891751
2985175001012903135711661639652302736706808062541607395260134712201294539918622735221667131053107133
7298356076534480475909948472552344319450574234219570723784680732027435797510740889049192977864050738
1941781802553402589730433711482060555646735890771962842678195045228646357084475173168750930053840094
5377677707870057062480170123255809469617391781487468324494706390035496314204662496113072470055419559
2262265859181865354662124725357376938081593144113960364486814597256853882835027356328866023968926366
3521491247615621886864737327822869275335316747659801816717072143689811729381851910833380588935905867
2637223455084527716810000525247043412851693250709305090596230353842518665888998441449021139409779359
6113916742011124473126935817245053176351391863969907919545441004103009507844625691428836550318255079
9083530112854153854409785348653801918121411393235960060509747821049961086212741199114316835710347213
3038429044906502259316230434826905937691482672850747532423161366334245422291794909268924843543329922
6982352444345028452439486774925748042735813929066874620072497457043156296415228565409965982014364745
3052109048126574262219292889099488175247958989645873597855743860957679579294770973383597092986287746
4577323651716486202896333679785368400534168868601369562612112497736801108072340324905826878111686652
7770081282676488905179736286338854428202859688003121959488440927813611532001845446128449516940793214
7356817477409061499224655938239724262925820738885240766110292262901843469266723483143357001953027018
7957496348833070482099837884140983789105829189626928359993565773296920334234726006847403185559458736
3940913745308428713208638844977123198861913598449797744907706218141826023379503930445183580962636745
4962887741116834027997860223384953426175364361289698004112923862287749399369214716207390701763455449
1700499704466589631092378836467089771287206563470003682117504332768532871418503442492437581116955070
6211675819474106938834494450200373835055283794037997574373384299390385485845548797885253117593785424
2118243412215907877669166097159524746383909058152875229214192225691587654533259838674704242789897529
0682932922167501879349382579157199414672190686808711664245269393789770551645151935019307457175633792
0898743543126270097411127839503106889696342396655242969206146320137968164069451865853830260065793107
6744860325058717830625859387010938997746815522721702030659097481665074888518066539257457026256320678
0561545729032762443753628215419272100024865601647118832916198569343027183628606201338165439224103815
1858722809973353310069164395417564898601079492129262486686412007385821513819902249461858188059023413
2600502975929115942619565362196865450889960622969208587069269676365320681220398987915675772164536986
1100362081442455690624022746659496484086868093133832908654003388970720849504902996678978498553133808
8290901568904095700097342371510021605446593666255517485694179888185922718958012092725134183552657422
7473502268114051364112491443658522688310867197555936524827142141184835054993287483762126663855116444
4035908001436891942657661346524056710289821555561757280410429657035540787587229620697672571665423538
9096349611911773754979372985870077092739357956596942903263714198738723648046473206315647673731154421
3940080328704723400444132189765026215548321753959490754365706086240126994466940044659542529792938163
9240678749552313628480508094440726100366956823764634701246677522045751427287398620787783401474849903
4936674902527322298876027364025385859147068476231815779965383092911234030152188527413215037114601545
3219952792964997200843840762561859408134666273400032390205401072685253670503711400090536849619227706
9380923187610421352820007828652924456824151240048162627345084450904072941561869163630539996644595389
9272391938051896462664798454128798682193495301904436533427763777782889667736443946606438399023763329
5023385336314889776681259315358017032930859980921085640576307987213218472909752724507455997448012734
1025136505372087169182625172555321505122268621410441085794068519529670715533800245921104070552214272
0063771835198091638471104430272159868168969179256709566618863030518964884585540243888906247223396296
6109648935589235089605216073438173339908852486624557780847046334075699847156684099043586322421567267
8981482542629320047777301193694692816086194815910248116463278008243717320142050594573034921521632101
7400732942320983951576416710455993209122978810725831468681577383588981548066788334208112696446575556
5688885063006210430436891108631843932261331856161981907885108093312477261524194375879388339597675605
9861471470416677912174486169330055030653425757675710092847556798155663313623722312572645784414972521
4108639347915365200322690100623210357930167647201941865812406022887254741048227393742790293763342325
3714247014366459560897730210601215305860805188127331980634009303309528965423614111331333253607916382
6783775454368049422188353732673052652230300369132957917830521366394754182482785019066973684086930247
1755587603619540099256223117352939149459787511374546982125822793682582988967200335554246434638509875
4467930602793748044855061019260017306788424048365763494970967150947117846783951729690231398026303719
6824772241553873650024444581477330612249345720923837876292122339097109820206799709232241548815968633
1177960578729569351908161283832139029281094834027901595949200846701291714791803272291514206844397913
0272077475457251513434798070395671226364925775498741010433209867431897268825976604977197067883837060
6584051086398755429845621306189963206905647764697312366928621635284882015722907868206019438190158430
0111385854568722752693141646567603315108463277037865469595605707014097233500081781776906740391941630
0218531956680256312559953516654951665763305152414871375864478565643647556774568823084746801707683600
7977841531828543043508468212435430369782036046914069073888029835266647682121414748218927383998332755
9941184741315602117841511709728331570404788904958904517374331521202383022942853039882924575079731312
8491721505041830852883370662018513446294475293957474867709997542081731154220746688649805941125037761
6050601663232734800161229885519871434461039752214637646751649754020655412374409734686414246909053528
6184957274577837078875084550430709810366584778761543224649233128895543132013395590583954849071783018
0866046089236360793738733088894852860915377768718740082142940894802682082451725166946962229261409746
9831508065602824562491623433838835940836493303096176516973793318454172272989949314622963365050973781
5752077226059049864176180461102435390726854979279758008482637798399495876643641272852408111905121182
2178928642240156370997046610164528754224058719177375602093829473649719654311828343641482809723530808
0185412711827515442657023319644405276931906857879122333034117634995301348855036009033181733343792278
9096793239335833284284964378835956127484383181041029442526316615571124190617707149493428190116992147
4855772793419514543136692288019590932383186294849556149633801098800725155214700765021553252746133158
0270333212207566507437770994873548381720185444940244068979991098581740835893351263735227816594729456
9313278696367159818096235219163795565933035596779049763609258422628912163264977667040015837555731696
0618069559564419413226240670948269758840096571134911256329771950281147831457894596905299364192756940
8087967230402416419992477876987446828989180326201049003207484608903773831914887568678659120573097902
2574107490878635145250056399649966802159390356594160551252218063681912745311237696201241562865113942
2147263446756275297844292702639307474220124872304933347439928643938310497570907876696294110239441937
4465641149215676555131691799196070689263543345865179150082494405365213783299556611175720022634263041
5365226157762146392719874013722695396340453879298076483827255799984718162955535156577385877772067169
0274453164214013383073815881127524508541071017662200270294964373311911728289548044874867348338741638
0853727667396853118641396857263806246943735021926082692563196608562124163556147028297921766023295908
8297288282828367772347881648186756523762063302206646324853195423382446797228500527308378414937652274
1478871395035585568956090842530815424906045713084086599672248892816406355648851454573028106208861213
8587304687595498916366768617122442032908550384186085825227361094735395296200902065014808664402632489
9649051692099286857395624986185611266158007718713411301907814456796606380010702726264162272617149379
9862114788946113273080131576866469739222501587733814443079299203947052116245688853701415784759166254
7957289371982197033406128837848683444491631971654613937925897367546361963399680697969515522350622384
9967192468214441409191513474655531800391745465571375688186456837303963963806001777013542016894408782
3856209170154845588240691500482340120034386533816131219631706681204570507703918615346023193796487807
1169317514800314816780388414981665821513783135245312277479016299853676392252876862483607058993298870
6159442511786300333547440720380692463908395183579904601326286716524438136879721502878173688107919816
4686266915971103565318557605366716176861154223589047861968412862451129224485134128032908509894904940
7622167426808804332345690128571473106953269152647315061941578221409706061189656366163961145163054899
3002277497649952242997567254273545667273491349201430457267603190588933342945448560734352043745670715
0588819059846045555556213127942174780839899119628408248124677044445392359246866586401855984259703266
2907359538745911476125724405558452673016172044130037530512652041251313160194679273603194524355729779
3081817732401111196134523306268841467893927331582880266017732101072056611327073219614467846122039374
6717795885847018975233309968323568555101146897859452159632865671229827826032796374797258804658752769
4058239736966788481446625675331133586363389560992519687012654546900602271707532720299812252922059448
6947875297634095581187247128442324431016688569901844478042501124161406460015392746619494306794280564
3371280595782079977820919285863739036591436705413943122931607114241083849009274626939846924987694419
0775032349768849368720391355112692124617024638947642385562350070628335990230617888440820541977280944
0135482665687125019015854463452577708398424357963797313057274318403977948324933522036175598578155489
6074976991432360879636828127441874465669348224970441899794710226394111707423350170966156222467948778
4197973844621130218679095945668279991066248555050679968118812892375249214212732730907004863458888299
7509655971588839577014808032012213568813540402630232350491443065902278303352647047749002847035310154
0255033810184510213793776707800703408165839430632234251384675694571083936427416303371009110736822712
4380307124763525816662578783254218784759584007298143042134851016941649057498815819783034768310616296
6671439219941834982322232607710590355472030230087969124392809018798748788070394283604075234812615814
5769742248329451828313618159220352709369560251164317599647833983436317438345268124032483990779448413
2845611241477956201450043800954910036062947491325617560026056382279727347742183209735619140561135871
5614531384868414342270009530776757665873159726519920065462432336649965839606440009713355872071459356
8895635205036372384943473782412009496502722834909097632371701312550806244805180625295061257915438835
6996932554776696025509256678805949803552500584197227960977426670873741494840259060893287121585354123
8644543196680718111885354723779500105797768818495173149717320527210176491678829351296686719394093421
6444347548432749041025587393623794345659313667263732104589761831702660467910425154916629538496280305
6745418576621120603469909232889885710748688789517956313367749550480023002663275052933387813155681975
0003230674638947281416869553411779971048365398029334775861355717491986434298646066927922822543718852
1160560464666233336155297122642624630755778157855799963945316840653788790289294386722914189867899885
9140901998115752306943453583462216302149293943144915249827563825762075689508163068439019687653762206
4611866363152359214198938635073726217426386260300305271837936545731622369499397613637447705852599210
7467736282455977623170910341949256047741013490508112604173422752684622759844069960276103610637737545
8281747142957026579132700589916659696579392631565183386000611998893193626889098718697237494541654295
7536419303530557372741244984331356656022469152453737082828536999448189078506513828845795499203539344
3271241743292681832187326038792842386620328098922405154458404312291548492520163877794473400927045609
0771716151333068746389697839552259081467183090395504213262183576040963880384696625120368537443534427
6347873668733796978476735064487717777204481596872917607417160969103381666783675394007336503152348168
7007227854915614703091517635176142694528524800349552354883788539753121050234905547156782564595844761
5452336751081762494704626664087344684754704683935188791922979159350579677808458116426024953859760823
6307259394493746769831499184942478142195291927670617312965489705559409348832811330328449364206119512
9714084421646016570045353884236987933970821658614887856250675938234602492111070320669291161613803683
5753507087223946402889459916622041087354936439816253153186633430688347026983282536339774358672767431
1535505092989049805424329589553226328282520853964695569672580410486464219802186060554306137823418885
9868917998334435994129616696379955311730548675845000366957218869207497692662493800225319309732676207
9501564777343505888448129612409784124109388287930382630929912041477531452185561415605069165644887282
1444581491371558782068313265037618316062918043284542972134440415177899834662736371356137585965705416
5815709527382189479007281799129041027597565769513962530118328700701573065884126014002635078005416530
3114238108638555576721843566018216735932035928344230632994422149174776009284424990553704601316333966
3295727355602280226284237282835704399273253841821464248491506803953883494529277335857195104556209577
2105461263071717624791100166702149870607544140065410025243255518209199499278611549090442791631799788
1752790148424096903695917031744549884140598441626525453653770363827569001597406696433882083919841293
7976701339346567671697696165252484076612388945108446273803319362382079838934003113626922787871177702
2677706703716924288567145359753748945268162126803165642973252974868761768896740655751657296181809307
7593899931554484973002230876491972785334759126270426704101420304981093156616304000786700587789506194
2406916344698001713705466604724642719567235723485800730810094353185799957702988507429339151186245202
3663898615746758797828758879858206034702317485186934353229641865030292099893465198629932666474609485
1077102323028708296970598885676779966524525315205046994142945196053876710789172525462056049345013164
6525675032950546893910299326498897737760555784219834395447352572103515991038976883236412345161999297
9936464346683650029390692231984219978481604630588284130444007871568720908040815638831535629748680558
2347267825028812486511729004457081284868529490303083462620810244850729667623169219723795033383660227
9521119087612802740199016019746356169275998129256767854161823320572403555792129636428322106157011892
1664285589088967181782068957710161427508470180306680419050045235334453093443515894638920688257308876
2655327313923147165058586515743753344487364217055907952883343916952310129987051576307073875020183895
0558142818833994894059752886801048175311392760971316553351880023201613575422342540224477862767447757
4118496480443377609936239704382818800780951558676244944680500417947306013945272971352039342943067777
0061441965892441891809964062236035396252557412122457029378846444020686181007612136265725847557544989
4734713090602045197591428582424993698850534144260289663492336476335364831663110538670422414905289086
7620993763393297201167511466110766523661469119168627348277681434869386119168325465632968121303570560
6611945968494244452129659186561205583384223231784409296739336220145065741644875240326562502948155840
1079968306183222200434052878535160814695795020191348695954556431512917284613249180173874919194572748
1523610125474087330115825589907773765908169524680076287201677656379788882202170557192305592754562464
5942121992647944298943650420598724966055949028526960723060942110604319366418372666774959636707163500
3055456669860351690247608944093737425485654405285875699548027667261157678950008163972677074011189523
9587909150781390312206448462491774119917753589089300968770907875869239287503124438995606253915815041
2830286617267078897619062415393371837749376772631099515724213809548706195442520841184638755440595377
0012303727340474836882448352396008046297661721537794762971736123108242437406646038083909618210331998
2998456179782752603919633674437328159692732736858502174383846362469396458793034191625535459717322532
3821323352093123481364995108645687100691695464223822699254770452004254832576287347780650691655925653
6425351437516287482097882587648762795434143249466087071585934022887142557438416583554535046476335587
9594982716719133818819298281147491490045985871675590869926933090685336935347488226851108385675718048
8109478940811241063319629568665107062341525363189319072725116092478320923404833381843822294912395181
9462747327141871760046017303696443546313719891655311612531855662849211713757562580394103808442144883
4468412663512222051804436969136547405537885536646057622474919990066622968472578050481904061497848326
1493580029438815301010702420224420939394491589556484666776414066153498860089047948465188551087916847
2977396968668807346758191939559839326844133657021455919052452745126692270834686693971741657875323927
6902979910481669912632969759020312155812204190206477244949778154278849697875058307605139040230804554
7174913077702367924579036099788877266302046082263348465628677157384837031245894261014576931821167545
6255961810131076378305121764782409941723227406480546514366271566102905086913825165622377753224167235
4974089473858753181906401462188669448482333668280483703229375457234871833033754184151049769804639584
0873750456407595325825741241841824782312278394659981049085053588919814888048459335168150084120909155
6456782341608666648073966281766882621485794316247846697365002994693770794397437354962301495271952280
3109448970390126337382845844636935402536936535814804203732540512729880618711625461399478488380238986
5069577014584200972000907357335535095971008463099159436711240612696026931555644924576959711520874975
2990680170513154430370191821013650061315207456458490940749815956357138408660669011632437503640575753
2461462039314404636813976061412452300605545221033609247014870729075599746158459950579463957975347536
4863920027162620165980453447671358241746403234681714662756792695615984703582991768021207036039846658
5975383660974547969059088337886799467504080922139726399111419197294560808768652607690523789351637342
7619140033214138318667269362870403001316125098737741379782186075989218426986287517246916769205099193
8222138729369058154512994674647699728986357774886752755169279878571469519615266544216333646768501472
0698754785161455945566799135499352338608593597432935985615188507175533278493016620431284624201719554
4999297575828088489510436347226168528910641491452871173731699636566023186501787300551169992973680139
9147787544907731976051225239737608041605907292957760115981664903627209879426657606488441026293884803
5100653717687954343198121607017253916980060855069710552621015436440108038210332617820632564354713215
0152158389490819108626689465126726406481627412493092290997237541480838869471201946869186853556449480
0174666644754486653402194096359487032094632842697798339333773140120863931560862624595280898221038647
9640147095457242718814364050486749954474969330628131096104288930170734913395519941076707844878038096
1873945590256930895266907168258422962661110743272812869738971144854145892413427874040403786847907808
9993799987190196771270298169694077792546602776524529531848622335748394439916797654891719244090618929
5724506041644555115812231393469877818803339940850282939357332726767287546937385693874182193893322504
3767297180045109302456778756069895499888656469035507994873041220231516235439801056029247488422118708
5168993587002316363171808182229298749940775304668173957443537238158553376537361684977287099478429759
3674021971234029514904949747594846587081842467713488518069954939733788054369045433985076311325221030
6052258533396426532936295963097203958729735642603707111535352689806942280306415093722245313822301475
6496058798751465486999563578060650340734099193594596760621776289013320171881277763844390896199534665
9840810192116222099975887152096073761779471673216142677229922476728013878994394673144773330157661266
2143156627744369941012020702382947610961133765241586601366142460965502749398785920390784438490263625
0703121618654116909179243572610485977997719839547723272973449274666070698697241356448564396550146382
6285973768352438174314499658076060729951851621188310615476797544645082073600664616006164505844709536
1727063665628133199767498756447478844347299281733598201364764559970421590649847401130025779281348277
3828888127027375992224925972807584697586232485513123741765095806513790169462264760603636681162043418
4515583138539053517279359719630066292103497137812916736092636493623442052535684368121444242302755777
4894652524104025156325204260832254971131814256668691361002119453732630886692506266409515501445280496
0118012117121785530776198034938370772717983767443169004960914752595247827604940961979938241458742142
2648172527489373209829540466248591910235230648828733222481081512784494665908668205198862329445756513
4584484622371340094372172942549119775050311494538212076851944122171330236509848977072905505012053784
1863044869757404128237427706694249757239517192721642344500687908425389002287965801967868834247072560
4120745883423306397464303391833283624960000000000000000000000000000000000000000000000000000000000000
0000000000000000000000000000000000000000000000000000000000000000000000000000000000000000000000000000
0000000000000000000000000000000000000000000000000000000000000000000000000000000000000000000000000000
0000000000000000000000000000000000000000000000000000000000000000000000000000000000000000000000000000
0000000000000000000000000000000000000000000000000000000000000000000000000000000000000000000000000000
0000000000000000000000000000000000000000000000000000000000000000000000000000000000000000000000000000
0000000000000000000000000000000000000000000000000000000000000000000000000000000000000000000000000000
0000000000000000000000000000000000000000000000000000000000000000000000000000000000000000000000000000
0000000000000000000000000000000000000000000000000000000000000000000000000000000000000000000000000000
0000000000000000000000000000000000000000000000000000000000000000000000000000000000000000000000000000
0000000000000000000000000000000000000000000000000000000000000000000000000000000000000000000000000000
0000000000000000000000000000000000000000000000000000000000000000000000000000000000000000000000000000
0000000000000000000000000000000000000000000000000000000000000000000000000000000000000000000000000000
0000000000000000000000000000000000000000000000000000000000000000000000000000000000000000000000000000
0000000000000000000000000000000000000000000000000000000000000000000000000000000000000000000000000000
0000000000000000000000000000000000000000000000000000000000000000000000000000000000000000000000000000
0000000000000000000000000000000000000000000000000000000000000000000000000000000000000000000000000000
0000000000000000000000000000000000000000000000000000000000000000000000000000000000000000000000000000
0000000000000000000000000000000000000000000000000000000000000000000000000000000000000000000000000000
0000000000000000000000000000000000000000000000000000000000000000000000000000000000000000000000000000
0000000000000000000000000000000000000000000000000000000000000000000000000000000000000000000000000000
0000000000000000000000000000000000000000000000000000000000000000000000000000000000000000000000000000
0000000000000000000000000000000000000000000000000000000000000000000000000000000000000000000000000000
0000000000000000000000000000000000000000000000000000000000000000000000000000000000000000000000000000
0000000000000000000000000000000000000000000000000000000000000000000000000000000000000000000000000000
0000000000000000000000000000000000000000000000000000000000000000000000000000000000000000000000000000
0000000000000000000000000000000000000000000000000000000000000000000000000000000000000000000000000000
0000000000000000000000000000000000000000000000000000000000000000000000000000000000000000000000000000
0000000000000000000000000000000000000000000000000000000000000000000000000000000000000000000000000000
0000000000000000000000000000000000000000000000000000000000000000000000000000000000000000000000000000
0000000000000000000000000000000000000000000000000000000000000000000000000000000000000000000000000000
0000000000000000000000000000000000000000000000000000000000000000000000000000000000000000000000000000
0000000000000000000000000000000000000000000000000000000000000000000000000000000000000000000000000000
0000000000000000000000000000000000000000000000000000000000000000000000000000000000000000000000000000
0000000000000000000000000000000000000000000000000000000000000000000000000000000000000000000000000000
0000000000000000000000000000000000000000000000000000000000000000000000000000000000000000000000000000
0000000000000000000000000000000000000000000000000000000000000000000000000000000000000000000000000000
0000000000000000000000000000000000000000000000000000000000000000000000000000000000000000000000000000
0000000000000000000000000000000000000000000000000000000000000000000000000000000000000000000000000000
0000000000000000000000000000000000000000000000000000000000000000000000000000000000000000000000000000
0000000000000000000000000000000000000000000000000000000000000000000000000000000000000000000000000000
0000000000000000000000000000000000000000000000000000000000000000000000000000000000000000000000000000
0000000000000000000000000000000000000000000000000000000000000000000000000000000000000000000000000000
0000000000000000000000000000000000000000000000000000000000000000000000000000000000000000000000000000
0000000000000000000000000000000000000000000000000000000000000000000000000000000000000000000000000000
0000000000000000000000000000000000000000000000000000000000000000000000000000000000000000000000000000
0000000000000000000000000000000000000000000000000000000000000000000000000000000000000000000000000000
0000000000000000000000000000000000000000000000000000000000000000000000000000000000000000000000000000
0000000000000000000000000000000000000000000000000000000000000000000000000000000000000000000000000000
0000000000000000000000000000000000000000000000000000000000000000000000000000000000000000000000000000
00000000000000000000000000000000000000

Size(num) : 77338
Lenght(m) : 193.345
Time(s) : 26.615
