268399976572673959611631664746273551220501860468847256858242
614456610709658685788594794097483463298361827030891288526326
099395831604692015266370347869763966250758258875295848788615
239847022662960185954275515801746542169234248956445498097321
653975495002879600970444367760980971122859359020023183008177
660749446398654191572805247906532032902539173561336339939785
357602530693575551422196691299983170265180324028107514480105
574840042547452741402638372101223251070623789275754151796407
983255989209077389689634265538335191680339200971398676973450
160815636763744412386642130802136662569290977913751994853502
315954564979001492027467287553278798129715463733693706773857
003416731922853609101127286793852057197105805836413716718924
479768188292438178887547214489628871232322684249607541476504
824159030266067904672098495636622714169522826493225987513978
025239843199202535945837220824550067533621599059257410549700
397263292773107837783018961116396473891051895246957317480397
448313301711948498137501421985916613313677318972708276426636
501211541798449272458694554528660905408695501946189847436491
277565405953291476966829310127398586112042831345221430829782
552000483383182291153826750774350110211222036572082966453541
007117842465371083764279368883320838538657325445624710224662
094282623678927668138225862387308841866706405996811552030532
635792612643270369483840887567027622533066713611166970068436
428344437921870681849674153297625433304802646941320010915365
936588697883898144809271168852151697567870735519106890192837
508950174932281111167303108281667660412005310563821643233905
397132951167413884839677453056917865379413323398186679176765
713700074193977734752619438945140523129322896246617698780123
506764949477308668319248045528511977593451912540816314647384
162691477898479638182122811558965504271703872859804604909516
454412434978145140029728337310206814260951601497781410375736
884915214425224285447889693895582787613974813482188771577391
131805341100500232121264194386991727261544256550362495091543
418463532461157575716553971729978886225152177256813555070098
051132424613434627496714527886380771247504457759237254918078
579046960158898105829151092672132122153152037131592086496741
649797197273129205765115591964706021743613038992316498949125
108561858147409172262391720725462015395849060504522468632113
009485442625506623105299842269925826510851512148068627375440
376241841700924369084385977739093116508393021241067435397561
337014305498228351759791196475430817743347578460256487782755
679664090171158282392788386089643981353002195923088605647717
413703528027213285441960352032589136772883045832920269026502
920226152339494774542473806139137272059629788082668430781817
825215292956631787233099675515123199855701146059750816753705
446068330515181719059082252289813159988885086413837541106841
617105403795738627508478475051189321086873431162595048827079
153319683349897664762150944390327639338292582968256008076593
833963316569163794513447848024498992277763357233477663906896
662419631703673933912108212320428083024732640632655701107277
198314756895614049678770664304299038488801938643778814462182
315714396317585684284639471481188587178099037484342226839564
520436636188623810771667361639041436117718763725315902967260
230353306737999520669241055296022230466287592454208018267220
839809215680052112392508181570447124439985770512016943866666
765484591390595349556034523324980915614115728536228512670733
960540990149693668014945277065375953041388484806644767705332
650903626423313863286739125786192092551628124455898401566515
763784483104702008872999433928784349649981676639778828872212
630963066247193525702160175379019190959971744914238250769159
018448282997288670683589328931738555813393831524322836759323
091391080868465062163708660330806215238405311467559340973074
082156970244090516876036687772268068304154337954105931408904
169310310580843570395681027026389994942257493794275398994779
012537285255893335279592775544415882679886419718766728485222
788854329500007131747178185641199051879252260306500569972158
326067559151393339879121574198423317442886428899625776225591
734610920613377827928006698899986559608527469421131645773273
348845767558137864816347498772361271803508569077342556840114
381080615791289767229565722934298027739515044609353834938942
783126997639232455471756633973469890220153200106675259124576
794005814837050195480568556727036748968547376782037763691407
563760894624492800066656610356660069219509873868720944276753
019576935022339105680491729061947469541258866262691728588159
894768556743115238728463298214004007638276461305375272723509
950909295171073810228041453836119389452901868773906682346610
297990976816023795680291198385600912916140836780241136995122
624142228271293713380794351102151727040497315609186992445097
282835560698270377416730133421108782270165812086324476541688
053383747854892290375041215576382133649697951346139468801981
435987449342540490476520004356482604603156897189536715599310
847832300228645635991743905612424165156499098852747041410424
810898820303124561117115138027172401352424768544359188036051
624859642568602857074371621615231508806022445880822887035524
594125784843472499315417101339372683554705255640253173664793
022633332977932297017222685184877454233094764548258856885636
563286699093289607262272177465139740126085238371578946461264
971554958475587796707722810553457538965296092848354474083794
372327665963252457294416784268040182664864460417380282012105
889742597268187312126919072094104509600124892693593035571414
182618728788401530184326327430474912411422131543072615319767
449860857670786592049612674181447287912748125858773772707878
601819522962694358460328354326650156044906868909582447066863
818245994775018615166820193788715553725108658036786586916979
411027663207313119691584873041202864378621457367323942036782
560898950447885706881650959044886845415472132658147608009031
922246684355876336462417879567946717770245355375486776693447
343910337066029436134424961238476736850789215836395665114332
470028269132060254952101843328204530593417725978865421044663
556724143613215252706628986715902562253167367993292880042822
090292279774969883388036945999266023349188868513841157675290
462615661678790674150044120139810264316703027810241105199750
538092514415526644366951196072546168392354050972208328449994
964069326103217508807177075262571551444795582655771214578833
541309660584609499051835419207846858104955118246335646232036
225457522850483226015401471149404772823190898856047195943222
743075703775698284976117951060656499076048255052365016605181
625755991184687363160433068341599871878312812959620215386098
913599580848776851596750501669476280164880264319531722819003
872309681737821465631686535886302862110116684334413338230755
819193638243629328804278314305560531085070462464211961402193
669788345589744625884369236455293856000255415185966993227979
336166852506221575974632437074533274141649421630901264057698
534330101092069382950390982035383856600494406771534109811998
794280545502290697775366101095006735939525230163344945235610
682507299791217791843637481406284427796810004175663594742041
676811748201767289690433706496735226310602653571100759739523
473603629842898401556594322305487535615111086696343626216544
057564117135383589087217307059603904059779384910365119196134
279194401285668117286815983596113789460101256764434380822470
704900231850842352130426398111897095832447141645977635011163
076258480950087014934495130799659929540976841588609416554309
469860675890186141707781414746862272327652950398942540829023
558664952128257290792458138510765862287860554513499697230704
163159742394456903930381182027257951055197811342310151785218
904243464966508941811173546092452620213711371956768411895115
219025073351375742175018704376141261353530941260848043130512
007929759521404137896288832437690363856417780016216271618165
258203679415449069439543079632878996478076085550639499169621
952797119018095861553188196993976680516554602295800179485636
943842032834042784648099655432594592386903672097461827688637
413184006356300794225284797636750012568319368822033745866456
180332917825154940215051750386247818402727946224699788539587
850546239544995162858713972119074253860697077515344110590831
770148069586251765292076678889928649329927474157683925488482
563041735089230177830021888627749768893011895126316581351718
791541400833921363828193108905133351619357064395446528663302
016234480525638148240776033263555089336056044246004482915085
301248578200238139270639486086413477362505925061124907569732
722306297756463817584203159774373350596284716955497956912937
567123662944813311750012457330818511451354848008034188402413
159760992550954396209402231369019949653291541535065749205708
484982521255715297135576680928111956461365599780888206013462
080291123707331587929689074581263123714456706882679876051125
164752432088169633020384664475476817652534396471240333972705
616256095563985904349644579449543096464748946509048532189219
572029595303046411116592976828388653248562823124008849643477
020703054338793105151866564714816381691028085817222735354124
325974506823707325709828951744619456071043651815813766119512
647961847957385498397064279083311918199865703176881829956276
537735508178779547765088791276354564874185049268816549206042
794541523243256608865112725169112991358381410873033162267459
888074780383704621719636783413088730959342476739047761159889
912257956712537595647561197354433250225864693454090286443805
874146990816556768627372738684379408181795610034069923609651
994674815469729086964659337397815197016592423352323564154660
384433383919403959613788697368038784573559776597114425308399
036097207900798630760580587154257630905313701170428256614614
685495281159811585622164178827815096648530846108315102795050
436008223704805906025671983361940627849132697314224063839734
514532482481302835413107495583441838614276255684586088125480
974234287749200900923284074396403427236378633963689208585828
554168451881115424273277009906456900987457552472790655980562
791378646347120152088573295392198298533974664284668582790870
097525092718284268985718349096818631094055666564458004884410
339465117943424316045651688649670572673975682203639929547305
884760554514274877470659782796548949635930733229935544218041
325793184982745371731074834945331895091180930044431802916317
275150006421421578652674930429539362545414889852345180704736
711109357279269686564151524733037261096244686297528447605570
738336373782306505012210826336971988075108604688503412723447
485126617770907992748947875452890090521769765393687424062077
231822805410023094648908685623168235146372427299039603064435
210032573328560886393955516681268213833016293297667977867565
964355304845607780497372157920306742053032058019080270143713
444189975051565950859669361820946330093699578877393829056171
869595929946794361612158914912015600100023035628615125456556
655337473041260908149580919711280867262633851226246606419701
323482948035644775946957207936024921169383546469389460233454
193806163301965877110182440156847825987227072673500423182611
186926597876231387289642204868657309045382033085449935852043
245724839112219513295051579100247794771004066377248790265571
488884796979735704211650757608461878843133796216532312574315
213889205811178555699279309188094293890977585613169470402538
186573665695832169965958804520851819697274357615667119822924
560390469525194933210759734703948101591482517589711265922302
574128880726708177188375067355390953641551328142015248781177
114348299033136026376042605886119356651776707458337219989533
039048952391320682653779224206270097798098894667559718724555
556713437846902653553468811707958500185028521293701311614652
111073694316797950356520828213614801126823801610166494356747
341776374837288015718620400640447262916097238258927621533601
656749133189506807062778241004574403736325844310754276765295
069775636282285273784948442070211301243234513157574935025357
867679985359447804192368027273659354482675695547285690573601
666474621255752501931778496620651122414707877616206114644988
990266821667572187913738137614017471028224678898672575119680
315885117312670405325843038762778223867226692535772203692087
013547305606811560090350939277917667483957443142071491244731
350122554607312674101794505811534329373728654332873344625783
619448192452616354178835900938997302408062105129870591390397
557192395167479550961686543566357748452962492381322000832908
443083303057685054420810379568143566692292734857200310488417
923431044658068895385872674381483487315296501077641550197492
507031327421484812397886858113910109001824909099546943631296
181253654719347121228380754986568659158372286814619063541095
348523267055497536190560823905815911337144552504733067273062
422713945752883485488994218574574488920694023260624328792735
856495170144418617401841837326376479171454001335967461740583
082639372789349081078619892238587034581251398224764964700775
290712432602034800023945101735884646825774091308758451596239
900276646822395907452952392642830655942854340914364892534429
218251357077914496289822480646770914838409091151458961074938
348578488080712143382902348720836210799235989506274180606903
768740464472640418801573592479537599111215694300960898344462
968068601146702910236412095802901860922607455123410498391253
201560486027346098824514864843225483267550052900814873453898
363135659277313117932883621100721159996131521991172569168189
996087082506219125494613112549077652606320703623189724183085
995857938741937870834822507015239093849933255931065219051368
105933606486108946820722455542243011265714105082861221610108
100458177733709193743790622899895962241734521843319450512779
177966011548920231684914635960961695986168216436711756968542
060491004090061690781674302439044733498501478637267061056936
760725251645761512942113116299747481837610046066958979093239
025776149804633720769192222593282361784049690413791815153743
442427336262495584542320628698924883521657999339079175095407
682345951603873243881816836900074331136739854303040524959276
936854620836700059086333011786308749937396359568589761163489
601791667267966055164908614004344481178621535833609849704962
892827864869241223208054399391043343410195641783995824551262
205561160767411607798322906039758869511478010321618561449591
407492935129160869145346606108416946470416115619238668142309
344835663995422647175523875749744213872722307965021779462842
218745249303304986816633599210105520388454867605719283295591
232769617321349689478021189126234474217859088538840671481254
400698293650652201301906169553784324261538914838281054029505
118406378768772341844009426530594945179243576698997332896583
800866606233847759095576220205602276518653605385235538437451
073629623928052302020923096603116351564235615406811102351787
614622519441206442928347262365597297201490267523356251887876
843952654481157296607487990893284482212541022310432033991487
437257143357658328539618351785664754404988601008696380526376
057433731220080636278796849090292328589310890619163435786083
134173917509899703020697491039221300123416080041192863439654
248420592617933687280983935954536910335673271081591175576200
009538883294120844298279880487913497595024646456027595899145
389604916137934782146292743433727921339173926500450823285327
542645817608843565416934440005221358189276620837349011014556
552547507654192454409990836960765919536490976585907248533507
955724150191268632411691284961725239922073440381023944971648
002695345607126989121187613943469807837453399861405087184467
742243850724677475653027119748649976116314705542699499086274
019664471967169148453394104838698925248879827540424295062506
736289682287184140120616430774515983420703127295295547736229
095512946174852712234470014798122561520813387618272137504842
851029475431917164100613940641951102791657342571377187439004
041141095840789878798904404461976851644290769907751869143999
457553589516910142583398277606881010396872889388378260769769
793060890147977212381036466122797042608402169383227626157999
810338997824213392301933654985075929073513173812305155584841
202841580458642632841086867168277333300019440504069264904728
711496209116852468157311013195089076753088137512307361334691
248783677854840988231753122788964752737176821877754718949497
193617169886705177032952380218009812498186868213790758774024
671611408948847092538737002437445958225680805931246626754027
541259162015320305375204912011733941590613649484830595965803
167267126053074489249890875699638549887899850358903093969653
023981950673757471120916176006305690623248995700870967418389
737506808808329433818457334450433221942723930304551062926217
452448650653982326502276340391865248580344424358116859906204
695990803209645128297362841941964585968544130948831250226321
418523773936298376835662918823670081855034522968144057910047
098507864200993344563020257790457845758293717024580615717476
876401591151397438051069231986224003430839448955875342945868
129917872545246355207150777620986599884562506237337541104647
191226905227917802400306914591234147601051869680919909141140
568196163848344923045010391625086270737671697804789678304961
864630148339780726372578988568607479278695724854044722803394
348865851127379606193227148499391806677636164279563128531387
058407750328990470939939450412391322073326179589401732857593
094201893206394596340091088212708404504300797764527687883773
824063038805764402350867784334848511472475903060732759627614
891605412730444105810575073185525275664624892874931737962874
173675112765431418609346822051073979524499955719151894154865
554439050152450094475833741223946324118462541236464307605473
307541779081277193071033387043790903187741744143395480607897
586541837691350184148086540593913804215428989992891319827528
813044329141191656140211314743019101936539817432943601799002
589472391794169311132744974770550569167218153251787718817704
275955745269799691106098126713900520739673715287250494195572
972548997790632521610568902158461806374351659317651235858871
801354448176799439140335157865239955123664453786142905245180
631861954994102925773408936610601407308425473555449244899064
779045456007657841714963756142893387823292430018101888318707
541748189027026695891495136094442355440459091687450799041167
218500010842936307747447106842079735262585128536513611355040
921129829758851883304801386497404821262938244155408632983414
304143942517395911973790882804723057569233455737715569946411
032766220320516355499875097697516697953048006179601208415797
209098232731462475209198700944968297003460679787784445343708
987129226267275608478739529594793734093364117731917324288746
683144823331290657149385455387580409155393530173038826223049
627995008234676509494231081175144767395295687724834840880525
274124928352989650514968268792437672842553319099210876299052
260182792209028923962297902615769688364819287031751453140861
832669166453721300466030877760059491568398672095189854383120
004948751442352471468927184708814340560424055736490738209017
460773558419681753236863112472148114498662955176807843460626
757000801801332412812728729600000000000000000000000000000000
000000000000000000000000000000000000000000000000000000000000
000000000000000000000000000000000000000000000000000000000000
000000000000000000000000000000000000000000000000000000000000
000000000000000000000000000000000000000000000000000000000000
000000000000000000000000000000000000000000000000000000000000
000000000000000000000000000000000000000000000000000000000000
000000000000000000000000000000000000000000000000000000000000
000000000000000000000000000000000000000000000000000000000000
000000000000000000000000000000000000000000000000000000000000
000000000000000000000000000000000000000000000000000000000000
000000000000000000000000000000000000000000000000000000000000
000000000000000000000000000000000000000000000000000000000000
000000000000000000000000000000000000000000000000000000000000
000000000000000000000000000000000000000000000000000000000000
000000000000000000000000000000000000000000000000000000000000
000000000000000000000000000000000000000000000000000000000000
000000000000000000000000000000000000000000000000000000000000
000000000000000000000000000000000000000000000000000000000000
000000000000000000000000000000000000000000000000000000000000
000000000000000000000000000000000000000000000000000000000000
000000000000000000000000000000000000000000000000000000000000
000000000000000000000000000000000000000000000000000000000000
000000000000000000000000000000000000000000000000000000000000
000000000000000000000000000000000000000000000000000000000000
00000000000000000000000000

Size(num) : 20066
Lenght(m) : 50.165
Time(s) : 1704.099